1.0	5.138746145940391E-4
1.0	0.0010277492291880781
1.0	0.001541623843782117
0.75	0.001541623843782117
0.8	0.0020554984583761563
0.6666666666666666	0.0020554984583761563
0.7142857142857143	0.0025693730729701952
0.625	0.0025693730729701952
0.6666666666666666	0.003083247687564234
0.7	0.0035971223021582736
0.7272727272727273	0.0041109969167523125
0.75	0.0046248715313463515
0.7692307692307693	0.0051387461459403904
0.7142857142857143	0.0051387461459403904
0.7333333333333333	0.005652620760534429
0.75	0.006166495375128468
0.7058823529411765	0.006166495375128468
0.6666666666666666	0.006166495375128468
0.6842105263157895	0.006680369989722507
0.7	0.007194244604316547
0.7142857142857143	0.007708119218910586
0.7272727272727273	0.008221993833504625
0.7391304347826086	0.008735868448098663
0.75	0.009249743062692703
0.72	0.009249743062692703
0.6923076923076923	0.009249743062692703
0.7037037037037037	0.009763617677286743
0.6785714285714286	0.009763617677286743
0.6896551724137931	0.010277492291880781
0.7	0.01079136690647482
0.7096774193548387	0.011305241521068859
0.71875	0.011819116135662899
0.7272727272727273	0.012332990750256937
0.7058823529411765	0.012332990750256937
0.7142857142857143	0.012846865364850977
0.7222222222222222	0.013360739979445015
0.7027027027027027	0.013360739979445015
0.6842105263157895	0.013360739979445015
0.6923076923076923	0.013874614594039054
0.7	0.014388489208633094
0.6829268292682927	0.014388489208633094
0.6904761904761905	0.014902363823227132
0.6976744186046512	0.015416238437821172
0.7045454545454546	0.01593011305241521
0.7111111111111111	0.01644398766700925
0.717391304347826	0.01695786228160329
0.723404255319149	0.017471736896197326
0.7291666666666666	0.017985611510791366
0.7346938775510204	0.018499486125385406
0.72	0.018499486125385406
0.7058823529411765	0.018499486125385406
0.6923076923076923	0.018499486125385406
0.6792452830188679	0.018499486125385406
0.6851851851851852	0.019013360739979446
0.6909090909090909	0.019527235354573486
0.6785714285714286	0.019527235354573486
0.6842105263157895	0.020041109969167522
0.6896551724137931	0.020554984583761562
0.6949152542372882	0.0210688591983556
0.7	0.02158273381294964
0.6885245901639344	0.02158273381294964
0.6935483870967742	0.022096608427543678
0.6825396825396826	0.022096608427543678
0.6875	0.022610483042137718
0.6923076923076923	0.023124357656731757
0.696969696969697	0.023638232271325797
0.7014925373134329	0.024152106885919837
0.7058823529411765	0.024665981500513873
0.6956521739130435	0.024665981500513873
0.6857142857142857	0.024665981500513873
0.6901408450704225	0.025179856115107913
0.6944444444444444	0.025693730729701953
0.6986301369863014	0.026207605344295993
0.6891891891891891	0.026207605344295993
0.6933333333333334	0.02672147995889003
0.6973684210526315	0.02723535457348407
0.7012987012987013	0.02774922918807811
0.7051282051282052	0.02826310380267215
0.7088607594936709	0.02877697841726619
0.7125	0.029290853031860225
0.7037037037037037	0.029290853031860225
0.7073170731707317	0.029804727646454265
0.6987951807228916	0.029804727646454265
0.7023809523809523	0.030318602261048305
0.6941176470588235	0.030318602261048305
0.686046511627907	0.030318602261048305
0.6896551724137931	0.030832476875642344
0.6931818181818182	0.03134635149023638
0.6853932584269663	0.03134635149023638
0.6777777777777778	0.03134635149023638
0.6813186813186813	0.03186022610483042
0.6847826086956522	0.03237410071942446
0.6881720430107527	0.0328879753340185
0.6914893617021277	0.03340184994861254
0.6947368421052632	0.03391572456320658
0.6979166666666666	0.03442959917780062
0.7010309278350515	0.03494347379239465
0.7040816326530612	0.03545734840698869
0.696969696969697	0.03545734840698869
0.69	0.03545734840698869
0.693069306930693	0.03597122302158273
0.6862745098039216	0.03597122302158273
0.6893203883495146	0.03648509763617677
0.6923076923076923	0.03699897225077081
0.6952380952380952	0.03751284686536485
0.6981132075471698	0.03802672147995889
0.7009345794392523	0.03854059609455293
0.7037037037037037	0.03905447070914697
0.7064220183486238	0.039568345323741004
0.7090909090909091	0.040082219938335044
0.7117117117117117	0.040596094552929084
0.7142857142857143	0.041109969167523124
0.7168141592920354	0.04162384378211716
0.7105263157894737	0.04162384378211716
0.7130434782608696	0.0421377183967112
0.7155172413793104	0.04265159301130524
0.7094017094017094	0.04265159301130524
0.711864406779661	0.04316546762589928
0.7058823529411765	0.04316546762589928
0.7083333333333334	0.04367934224049332
0.7024793388429752	0.04367934224049332
0.6967213114754098	0.04367934224049332
0.6991869918699187	0.044193216855087356
0.6935483870967742	0.044193216855087356
0.688	0.044193216855087356
0.6904761904761905	0.044707091469681395
0.6929133858267716	0.045220966084275435
0.6953125	0.045734840698869475
0.6976744186046512	0.046248715313463515
0.7	0.046762589928057555
0.7022900763358778	0.047276464542651594
0.7045454545454546	0.047790339157245634
0.706766917293233	0.048304213771839674
0.7014925373134329	0.048304213771839674
0.7037037037037037	0.04881808838643371
0.7058823529411765	0.04933196300102775
0.7007299270072993	0.04933196300102775
0.6956521739130435	0.04933196300102775
0.6906474820143885	0.04933196300102775
0.6928571428571428	0.04984583761562179
0.6950354609929078	0.050359712230215826
0.6901408450704225	0.050359712230215826
0.6853146853146853	0.050359712230215826
0.6875	0.050873586844809866
0.6896551724137931	0.051387461459403906
0.6917808219178082	0.051901336073997946
0.6938775510204082	0.052415210688591986
0.6959459459459459	0.052929085303186026
0.697986577181208	0.05344295991778006
0.7	0.0539568345323741
0.7019867549668874	0.05447070914696814
0.7039473684210527	0.05498458376156218
0.6993464052287581	0.05498458376156218
0.7012987012987013	0.05549845837615622
0.6967741935483871	0.05549845837615622
0.6987179487179487	0.05601233299075026
0.6942675159235668	0.05601233299075026
0.689873417721519	0.05601233299075026
0.6918238993710691	0.0565262076053443
0.69375	0.05704008221993834
0.6894409937888198	0.05704008221993834
0.691358024691358	0.05755395683453238
0.6871165644171779	0.05755395683453238
0.6890243902439024	0.05806783144912641
0.6848484848484848	0.05806783144912641
0.6807228915662651	0.05806783144912641
0.6766467065868264	0.05806783144912641
0.6785714285714286	0.05858170606372045
0.6804733727810651	0.05909558067831449
0.6764705882352942	0.05909558067831449
0.6783625730994152	0.05960945529290853
0.6744186046511628	0.05960945529290853
0.6705202312138728	0.05960945529290853
0.6666666666666666	0.05960945529290853
0.6685714285714286	0.06012332990750257
0.6647727272727273	0.06012332990750257
0.6610169491525424	0.06012332990750257
0.6629213483146067	0.06063720452209661
0.664804469273743	0.06115107913669065
0.6611111111111111	0.06115107913669065
0.6629834254143646	0.06166495375128469
0.6593406593406593	0.06166495375128469
0.6612021857923497	0.06217882836587873
0.657608695652174	0.06217882836587873
0.654054054054054	0.06217882836587873
0.6505376344086021	0.06217882836587873
0.6470588235294118	0.06217882836587873
0.648936170212766	0.06269270298047276
0.6455026455026455	0.06269270298047276
0.6421052631578947	0.06269270298047276
0.643979057591623	0.0632065775950668
0.6458333333333334	0.06372045220966084
0.6424870466321243	0.06372045220966084
0.6391752577319587	0.06372045220966084
0.6410256410256411	0.06423432682425488
0.6377551020408163	0.06423432682425488
0.6345177664974619	0.06423432682425488
0.6363636363636364	0.06474820143884892
0.6331658291457286	0.06474820143884892
0.63	0.06474820143884892
0.6268656716417911	0.06474820143884892
0.6237623762376238	0.06474820143884892
0.6206896551724138	0.06474820143884892
0.6176470588235294	0.06474820143884892
0.6195121951219512	0.06526207605344296
0.6213592233009708	0.065775950668037
0.6183574879227053	0.065775950668037
0.6153846153846154	0.065775950668037
0.6124401913875598	0.065775950668037
0.6142857142857143	0.06628982528263104
0.6161137440758294	0.06680369989722508
0.6132075471698113	0.06680369989722508
0.6103286384976526	0.06680369989722508
0.6074766355140186	0.06680369989722508
0.6093023255813953	0.06731757451181912
0.6064814814814815	0.06731757451181912
0.6036866359447005	0.06731757451181912
0.6009174311926605	0.06731757451181912
0.5981735159817352	0.06731757451181912
0.5954545454545455	0.06731757451181912
0.5927601809954751	0.06731757451181912
0.5900900900900901	0.06731757451181912
0.5919282511210763	0.06783144912641316
0.5892857142857143	0.06783144912641316
0.5866666666666667	0.06783144912641316
0.588495575221239	0.0683453237410072
0.5859030837004405	0.0683453237410072
0.5877192982456141	0.06885919835560124
0.5895196506550219	0.06937307297019528
0.591304347826087	0.0698869475847893
0.5930735930735931	0.07040082219938334
0.5905172413793104	0.07040082219938334
0.5879828326180258	0.07040082219938334
0.5897435897435898	0.07091469681397738
0.5914893617021276	0.07142857142857142
0.5932203389830508	0.07194244604316546
0.5949367088607594	0.0724563206577595
0.592436974789916	0.0724563206577595
0.5899581589958159	0.0724563206577595
0.5875	0.0724563206577595
0.5892116182572614	0.07297019527235354
0.5909090909090909	0.07348406988694758
0.588477366255144	0.07348406988694758
0.5860655737704918	0.07348406988694758
0.5836734693877551	0.07348406988694758
0.5853658536585366	0.07399794450154162
0.582995951417004	0.07399794450154162
0.5846774193548387	0.07451181911613566
0.5823293172690763	0.07451181911613566
0.584	0.0750256937307297
0.5856573705179283	0.07553956834532374
0.5873015873015873	0.07605344295991778
0.5849802371541502	0.07605344295991778
0.5826771653543307	0.07605344295991778
0.5843137254901961	0.07656731757451182
0.58203125	0.07656731757451182
0.5797665369649806	0.07656731757451182
0.5813953488372093	0.07708119218910586
0.5791505791505791	0.07708119218910586
0.5807692307692308	0.0775950668036999
0.5823754789272031	0.07810894141829394
0.5801526717557252	0.07810894141829394
0.5779467680608364	0.07810894141829394
0.5795454545454546	0.07862281603288798
0.5811320754716981	0.07913669064748201
0.5827067669172933	0.07965056526207605
0.5842696629213483	0.08016443987667009
0.585820895522388	0.08067831449126413
0.5836431226765799	0.08067831449126413
0.5851851851851851	0.08119218910585817
0.5830258302583026	0.08119218910585817
0.5808823529411765	0.08119218910585817
0.5824175824175825	0.08170606372045221
0.5802919708029197	0.08170606372045221
0.5781818181818181	0.08170606372045221
0.5797101449275363	0.08221993833504625
0.5776173285198556	0.08221993833504625
0.5755395683453237	0.08221993833504625
0.5734767025089605	0.08221993833504625
0.5714285714285714	0.08221993833504625
0.5693950177935944	0.08221993833504625
0.5673758865248227	0.08221993833504625
0.5653710247349824	0.08221993833504625
0.5633802816901409	0.08221993833504625
0.5649122807017544	0.08273381294964029
0.5664335664335665	0.08324768756423433
0.5679442508710801	0.08376156217882837
0.5659722222222222	0.08376156217882837
0.5640138408304498	0.08376156217882837
0.5620689655172414	0.08376156217882837
0.563573883161512	0.0842754367934224
0.5616438356164384	0.0842754367934224
0.5597269624573379	0.0842754367934224
0.5578231292517006	0.0842754367934224
0.5559322033898305	0.0842754367934224
0.5540540540540541	0.0842754367934224
0.5521885521885522	0.0842754367934224
0.5503355704697986	0.0842754367934224
0.5484949832775919	0.0842754367934224
0.5466666666666666	0.0842754367934224
0.5448504983388704	0.0842754367934224
0.543046357615894	0.0842754367934224
0.5445544554455446	0.08478931140801645
0.5460526315789473	0.08530318602261049
0.5475409836065573	0.08581706063720453
0.545751633986928	0.08581706063720453
0.5472312703583062	0.08633093525179857
0.5454545454545454	0.08633093525179857
0.5469255663430421	0.0868448098663926
0.5451612903225806	0.0868448098663926
0.5434083601286174	0.0868448098663926
0.5448717948717948	0.08735868448098665
0.5463258785942492	0.08787255909558069
0.5445859872611465	0.08787255909558069
0.546031746031746	0.08838643371017471
0.5443037974683544	0.08838643371017471
0.5425867507886435	0.08838643371017471
0.5408805031446541	0.08838643371017471
0.542319749216301	0.08890030832476875
0.540625	0.08890030832476875
0.5420560747663551	0.08941418293936279
0.5434782608695652	0.08992805755395683
0.541795665634675	0.08992805755395683
0.5432098765432098	0.09044193216855087
0.5446153846153846	0.09095580678314491
0.5460122699386503	0.09146968139773895
0.5474006116207951	0.09198355601233299
0.5487804878048781	0.09249743062692703
0.5501519756838906	0.09301130524152107
0.5484848484848485	0.09301130524152107
0.5498489425981873	0.09352517985611511
0.5481927710843374	0.09352517985611511
0.5495495495495496	0.09403905447070915
0.5479041916167665	0.09403905447070915
0.5462686567164179	0.09403905447070915
0.5446428571428571	0.09403905447070915
0.5459940652818991	0.09455292908530319
0.5473372781065089	0.09506680369989723
0.5486725663716814	0.09558067831449127
0.55	0.09609455292908531
0.5513196480938416	0.09660842754367935
0.5526315789473685	0.09712230215827339
0.5510204081632653	0.09712230215827339
0.5494186046511628	0.09712230215827339
0.5507246376811594	0.09763617677286741
0.5520231213872833	0.09815005138746145
0.553314121037464	0.0986639260020555
0.5545977011494253	0.09917780061664953
0.5530085959885387	0.09917780061664953
0.5514285714285714	0.09917780061664953
0.5527065527065527	0.09969167523124357
0.5511363636363636	0.09969167523124357
0.5495750708215298	0.09969167523124357
0.5508474576271186	0.10020554984583761
0.5492957746478874	0.10020554984583761
0.547752808988764	0.10020554984583761
0.5462184873949579	0.10020554984583761
0.5446927374301676	0.10020554984583761
0.5431754874651811	0.10020554984583761
0.5416666666666666	0.10020554984583761
0.5429362880886427	0.10071942446043165
0.5441988950276243	0.10123329907502569
0.5454545454545454	0.10174717368961973
0.5439560439560439	0.10174717368961973
0.5424657534246575	0.10174717368961973
0.5409836065573771	0.10174717368961973
0.5395095367847411	0.10174717368961973
0.5407608695652174	0.10226104830421377
0.5392953929539296	0.10226104830421377
0.5405405405405406	0.10277492291880781
0.5390835579514824	0.10277492291880781
0.5403225806451613	0.10328879753340185
0.5415549597855228	0.10380267214799589
0.5427807486631016	0.10431654676258993
0.5413333333333333	0.10431654676258993
0.5398936170212766	0.10431654676258993
0.5411140583554377	0.10483042137718397
0.5423280423280423	0.10534429599177801
0.5408970976253298	0.10534429599177801
0.5394736842105263	0.10534429599177801
0.5380577427821522	0.10534429599177801
0.5366492146596858	0.10534429599177801
0.5352480417754569	0.10534429599177801
0.5338541666666666	0.10534429599177801
0.5324675324675324	0.10534429599177801
0.533678756476684	0.10585817060637205
0.5322997416020672	0.10585817060637205
0.5335051546391752	0.10637204522096609
0.532133676092545	0.10637204522096609
0.5307692307692308	0.10637204522096609
0.5294117647058824	0.10637204522096609
0.5306122448979592	0.10688591983556012
0.5292620865139949	0.10688591983556012
0.5304568527918782	0.10739979445015416
0.529113924050633	0.10739979445015416
0.5277777777777778	0.10739979445015416
0.5289672544080605	0.1079136690647482
0.5276381909547738	0.1079136690647482
0.5263157894736842	0.1079136690647482
0.525	0.1079136690647482
0.5261845386533666	0.10842754367934224
0.5248756218905473	0.10842754367934224
0.5235732009925558	0.10842754367934224
0.5247524752475248	0.10894141829393628
0.5234567901234568	0.10894141829393628
0.5221674876847291	0.10894141829393628
0.5208845208845209	0.10894141829393628
0.5196078431372549	0.10894141829393628
0.5207823960880196	0.10945529290853032
0.5219512195121951	0.10996916752312436
0.5206812652068127	0.10996916752312436
0.5218446601941747	0.1104830421377184
0.5230024213075061	0.11099691675231244
0.5241545893719807	0.11151079136690648
0.5228915662650603	0.11151079136690648
0.5216346153846154	0.11151079136690648
0.5227817745803357	0.11202466598150052
0.5239234449760766	0.11253854059609456
0.5250596658711217	0.1130524152106886
0.5261904761904762	0.11356628982528263
0.5273159144893111	0.11408016443987667
0.5260663507109005	0.11408016443987667
0.524822695035461	0.11408016443987667
0.5235849056603774	0.11408016443987667
0.5223529411764706	0.11408016443987667
0.5234741784037559	0.11459403905447071
0.522248243559719	0.11459403905447071
0.5233644859813084	0.11510791366906475
0.5221445221445221	0.11510791366906475
0.5209302325581395	0.11510791366906475
0.5197215777262181	0.11510791366906475
0.5185185185185185	0.11510791366906475
0.5196304849884527	0.1156217882836588
0.5184331797235023	0.1156217882836588
0.5195402298850574	0.11613566289825282
0.518348623853211	0.11613566289825282
0.517162471395881	0.11613566289825282
0.5159817351598174	0.11613566289825282
0.5148063781321185	0.11613566289825282
0.5136363636363637	0.11613566289825282
0.5124716553287982	0.11613566289825282
0.5113122171945701	0.11613566289825282
0.5124153498871332	0.11664953751284686
0.5135135135135135	0.1171634121274409
0.5123595505617977	0.1171634121274409
0.5112107623318386	0.1171634121274409
0.5100671140939598	0.1171634121274409
0.5089285714285714	0.1171634121274409
0.5077951002227171	0.1171634121274409
0.5088888888888888	0.11767728674203494
0.5077605321507761	0.11767728674203494
0.5066371681415929	0.11767728674203494
0.5055187637969095	0.11767728674203494
0.5044052863436124	0.11767728674203494
0.5032967032967033	0.11767728674203494
0.5021929824561403	0.11767728674203494
0.5032822757111597	0.11819116135662898
0.5021834061135371	0.11819116135662898
0.5010893246187363	0.11819116135662898
0.5021739130434782	0.11870503597122302
0.5010845986984815	0.11870503597122302
0.5021645021645021	0.11921891058581706
0.5010799136069114	0.11921891058581706
0.5021551724137931	0.1197327852004111
0.5010752688172043	0.1197327852004111
0.5	0.1197327852004111
0.4989293361884368	0.1197327852004111
0.49786324786324787	0.1197327852004111
0.4989339019189765	0.12024665981500514
0.4978723404255319	0.12024665981500514
0.4968152866242038	0.12024665981500514
0.4957627118644068	0.12024665981500514
0.49471458773784355	0.12024665981500514
0.4957805907172996	0.12076053442959918
0.49473684210526314	0.12076053442959918
0.49369747899159666	0.12076053442959918
0.4947589098532495	0.12127440904419322
0.49581589958158995	0.12178828365878726
0.4968684759916493	0.1223021582733813
0.4979166666666667	0.12281603288797534
0.4968814968814969	0.12281603288797534
0.495850622406639	0.12281603288797534
0.494824016563147	0.12281603288797534
0.493801652892562	0.12281603288797534
0.4948453608247423	0.12332990750256938
0.49382716049382713	0.12332990750256938
0.4948665297741273	0.12384378211716342
0.49385245901639346	0.12384378211716342
0.49284253578732107	0.12384378211716342
0.49387755102040815	0.12435765673175746
0.49287169042769857	0.12435765673175746
0.491869918699187	0.12435765673175746
0.4908722109533469	0.12435765673175746
0.4898785425101215	0.12435765673175746
0.4888888888888889	0.12435765673175746
0.4879032258064516	0.12435765673175746
0.4869215291750503	0.12435765673175746
0.4859437751004016	0.12435765673175746
0.48697394789579157	0.1248715313463515
0.486	0.1248715313463515
0.48502994011976047	0.1248715313463515
0.48406374501992033	0.1248715313463515
0.4831013916500994	0.1248715313463515
0.48214285714285715	0.1248715313463515
0.48316831683168315	0.12538540596094552
0.4841897233201581	0.12589928057553956
0.4832347140039448	0.12589928057553956
0.484251968503937	0.1264131551901336
0.48330058939096265	0.1264131551901336
0.4823529411764706	0.1264131551901336
0.48140900195694714	0.1264131551901336
0.48046875	0.1264131551901336
0.47953216374269003	0.1264131551901336
0.4785992217898833	0.1264131551901336
0.47766990291262135	0.1264131551901336
0.47674418604651164	0.1264131551901336
0.4758220502901354	0.1264131551901336
0.4749034749034749	0.1264131551901336
0.47398843930635837	0.1264131551901336
0.47307692307692306	0.1264131551901336
0.472168905950096	0.1264131551901336
0.47126436781609193	0.1264131551901336
0.47036328871892924	0.1264131551901336
0.46946564885496184	0.1264131551901336
0.4704761904761905	0.12692702980472764
0.4695817490494297	0.12692702980472764
0.4686907020872865	0.12692702980472764
0.4678030303030303	0.12692702980472764
0.4669187145557656	0.12692702980472764
0.4660377358490566	0.12692702980472764
0.4651600753295669	0.12692702980472764
0.4642857142857143	0.12692702980472764
0.4634146341463415	0.12692702980472764
0.46254681647940077	0.12692702980472764
0.4635514018691589	0.12744090441932168
0.4626865671641791	0.12744090441932168
0.4618249534450652	0.12744090441932168
0.46096654275092935	0.12744090441932168
0.4601113172541744	0.12744090441932168
0.45925925925925926	0.12744090441932168
0.4584103512014787	0.12744090441932168
0.4575645756457565	0.12744090441932168
0.4567219152854512	0.12744090441932168
0.45588235294117646	0.12744090441932168
0.45504587155963305	0.12744090441932168
0.4542124542124542	0.12744090441932168
0.453382084095064	0.12744090441932168
0.45255474452554745	0.12744090441932168
0.4517304189435337	0.12744090441932168
0.4509090909090909	0.12744090441932168
0.4519056261343013	0.12795477903391572
0.45108695652173914	0.12795477903391572
0.45207956600361665	0.12846865364850976
0.45126353790613716	0.12846865364850976
0.45225225225225224	0.1289825282631038
0.45143884892086333	0.1289825282631038
0.4506283662477558	0.1289825282631038
0.449820788530466	0.1289825282631038
0.4490161001788909	0.1289825282631038
0.44821428571428573	0.1289825282631038
0.44919786096256686	0.12949640287769784
0.4501779359430605	0.13001027749229188
0.4511545293072824	0.13052415210688592
0.4521276595744681	0.13103802672147996
0.45132743362831856	0.13103802672147996
0.450530035335689	0.13103802672147996
0.4497354497354497	0.13103802672147996
0.448943661971831	0.13103802672147996
0.44991212653778556	0.131551901336074
0.44912280701754387	0.131551901336074
0.44833625218914186	0.131551901336074
0.4493006993006993	0.13206577595066804
0.44851657940663175	0.13206577595066804
0.44947735191637633	0.13257965056526208
0.44869565217391305	0.13257965056526208
0.4496527777777778	0.13309352517985612
0.4506065857885615	0.13360739979445016
0.44982698961937717	0.13360739979445016
0.45077720207253885	0.1341212744090442
0.45	0.1341212744090442
0.44922547332185886	0.1341212744090442
0.4484536082474227	0.1341212744090442
0.44768439108061747	0.1341212744090442
0.4486301369863014	0.13463514902363824
0.4478632478632479	0.13463514902363824
0.447098976109215	0.13463514902363824
0.4463373083475298	0.13463514902363824
0.445578231292517	0.13463514902363824
0.44482173174872663	0.13463514902363824
0.4440677966101695	0.13463514902363824
0.4433164128595601	0.13463514902363824
0.44256756756756754	0.13463514902363824
0.44350758853288363	0.13514902363823228
0.44276094276094274	0.13514902363823228
0.44201680672268906	0.13514902363823228
0.4412751677852349	0.13514902363823228
0.440536013400335	0.13514902363823228
0.4397993311036789	0.13514902363823228
0.44073455759599334	0.13566289825282632
0.44	0.13566289825282632
0.43926788685524126	0.13566289825282632
0.43853820598006643	0.13566289825282632
0.43781094527363185	0.13566289825282632
0.4370860927152318	0.13566289825282632
0.43636363636363634	0.13566289825282632
0.43564356435643564	0.13566289825282632
0.43492586490939045	0.13566289825282632
0.4342105263157895	0.13566289825282632
0.43349753694581283	0.13566289825282632
0.43278688524590164	0.13566289825282632
0.4320785597381342	0.13566289825282632
0.43137254901960786	0.13566289825282632
0.43066884176182707	0.13566289825282632
0.42996742671009774	0.13566289825282632
0.4292682926829268	0.13566289825282632
0.42857142857142855	0.13566289825282632
0.42787682333873583	0.13566289825282632
0.42718446601941745	0.13566289825282632
0.42649434571890144	0.13566289825282632
0.4258064516129032	0.13566289825282632
0.4251207729468599	0.13566289825282632
0.42443729903536975	0.13566289825282632
0.42375601926163725	0.13566289825282632
0.4230769230769231	0.13566289825282632
0.4224	0.13566289825282632
0.4217252396166134	0.13566289825282632
0.42105263157894735	0.13566289825282632
0.42197452229299365	0.13617677286742036
0.42130365659777425	0.13617677286742036
0.4222222222222222	0.1366906474820144
0.4215530903328051	0.1366906474820144
0.4208860759493671	0.1366906474820144
0.42022116903633494	0.1366906474820144
0.4195583596214511	0.1366906474820144
0.4188976377952756	0.1366906474820144
0.41823899371069184	0.1366906474820144
0.41915227629513346	0.13720452209660844
0.41849529780564265	0.13720452209660844
0.41784037558685444	0.13720452209660844
0.41875	0.13771839671120248
0.41809672386895474	0.13771839671120248
0.4174454828660436	0.13771839671120248
0.416796267496112	0.13771839671120248
0.41770186335403725	0.13823227132579652
0.4170542635658915	0.13823227132579652
0.41640866873065013	0.13823227132579652
0.41576506955177744	0.13823227132579652
0.41512345679012347	0.13823227132579652
0.41448382126348227	0.13823227132579652
0.4153846153846154	0.13874614594039056
0.4147465437788018	0.13874614594039056
0.41411042944785276	0.13874614594039056
0.41347626339969373	0.13874614594039056
0.41284403669724773	0.13874614594039056
0.4122137404580153	0.13874614594039056
0.41310975609756095	0.13926002055498457
0.4124809741248097	0.13926002055498457
0.41185410334346506	0.13926002055498457
0.41122913505311076	0.13926002055498457
0.4106060606060606	0.13926002055498457
0.40998487140695916	0.13926002055498457
0.4093655589123867	0.13926002055498457
0.40874811463046756	0.13926002055498457
0.40813253012048195	0.13926002055498457
0.40902255639097745	0.1397738951695786
0.4099099099099099	0.14028776978417265
0.40929535232383807	0.14028776978417265
0.4086826347305389	0.14028776978417265
0.4080717488789238	0.14028776978417265
0.40746268656716417	0.14028776978417265
0.4068554396423249	0.14028776978417265
0.40625	0.14028776978417265
0.40564635958395245	0.14028776978417265
0.4050445103857567	0.14028776978417265
0.40444444444444444	0.14028776978417265
0.40384615384615385	0.14028776978417265
0.4032496307237814	0.14028776978417265
0.4026548672566372	0.14028776978417265
0.4020618556701031	0.14028776978417265
0.40147058823529413	0.14028776978417265
0.4023494860499266	0.1408016443987667
0.40175953079178883	0.1408016443987667
0.4011713030746706	0.1408016443987667
0.40058479532163743	0.1408016443987667
0.4	0.1408016443987667
0.39941690962099125	0.1408016443987667
0.3988355167394469	0.1408016443987667
0.39825581395348836	0.1408016443987667
0.397677793904209	0.1408016443987667
0.39710144927536234	0.1408016443987667
0.39652677279305354	0.1408016443987667
0.39739884393063585	0.14131551901336073
0.3968253968253968	0.14131551901336073
0.3962536023054755	0.14131551901336073
0.39568345323741005	0.14131551901336073
0.39655172413793105	0.14182939362795477
0.39598278335724535	0.14182939362795477
0.3954154727793696	0.14182939362795477
0.39628040057224606	0.1423432682425488
0.39571428571428574	0.1423432682425488
0.39657631954350925	0.14285714285714285
0.396011396011396	0.14285714285714285
0.39544807965860596	0.14285714285714285
0.3963068181818182	0.1433710174717369
0.39574468085106385	0.1433710174717369
0.3951841359773371	0.1433710174717369
0.39603960396039606	0.14388489208633093
0.3954802259887006	0.14388489208633093
0.39633286318758815	0.14439876670092497
0.3957746478873239	0.14439876670092497
0.3952180028129395	0.14439876670092497
0.3946629213483146	0.14439876670092497
0.394109396914446	0.14439876670092497
0.3949579831932773	0.144912641315519
0.3944055944055944	0.144912641315519
0.39385474860335196	0.144912641315519
0.3947001394700139	0.14542651593011305
0.3955431754874652	0.1459403905447071
0.3949930458970793	0.1459403905447071
0.3958333333333333	0.14645426515930113
0.39528432732316227	0.14645426515930113
0.39473684210526316	0.14645426515930113
0.3941908713692946	0.14645426515930113
0.393646408839779	0.14645426515930113
0.3931034482758621	0.14645426515930113
0.3925619834710744	0.14645426515930113
0.3920220082530949	0.14645426515930113
0.3914835164835165	0.14645426515930113
0.39094650205761317	0.14645426515930113
0.3904109589041096	0.14645426515930113
0.3912448700410397	0.14696813977389517
0.3907103825136612	0.14696813977389517
0.39017735334242837	0.14696813977389517
0.3896457765667575	0.14696813977389517
0.3891156462585034	0.14696813977389517
0.38858695652173914	0.14696813977389517
0.3880597014925373	0.14696813977389517
0.3875338753387534	0.14696813977389517
0.38836265223274696	0.1474820143884892
0.3878378378378378	0.1474820143884892
0.3873144399460189	0.1474820143884892
0.3867924528301887	0.1474820143884892
0.38627187079407804	0.1474820143884892
0.385752688172043	0.1474820143884892
0.38523489932885907	0.1474820143884892
0.3847184986595174	0.1474820143884892
0.38420348058902276	0.1474820143884892
0.3850267379679144	0.14799588900308325
0.38451268357810414	0.14799588900308325
0.384	0.14799588900308325
0.38348868175765644	0.14799588900308325
0.3829787234042553	0.14799588900308325
0.38247011952191234	0.14799588900308325
0.3819628647214854	0.14799588900308325
0.38145695364238413	0.14799588900308325
0.38095238095238093	0.14799588900308325
0.380449141347424	0.14799588900308325
0.37994722955145116	0.14799588900308325
0.3794466403162055	0.14799588900308325
0.37894736842105264	0.14799588900308325
0.37844940867279897	0.14799588900308325
0.3779527559055118	0.14799588900308325
0.37745740498034075	0.14799588900308325
0.3769633507853403	0.14799588900308325
0.3764705882352941	0.14799588900308325
0.37597911227154046	0.14799588900308325
0.3754889178617992	0.14799588900308325
0.3763020833333333	0.1485097636176773
0.37581274382314694	0.1485097636176773
0.37532467532467534	0.1485097636176773
0.3748378728923476	0.1485097636176773
0.3743523316062176	0.1485097636176773
0.3738680465717982	0.1485097636176773
0.3733850129198966	0.1485097636176773
0.37290322580645163	0.1485097636176773
0.37242268041237114	0.1485097636176773
0.37194337194337196	0.1485097636176773
0.37146529562982006	0.1485097636176773
0.37098844672657255	0.1485097636176773
0.37051282051282053	0.1485097636176773
0.3700384122919334	0.1485097636176773
0.37084398976982097	0.14902363823227133
0.37037037037037035	0.14902363823227133
0.36989795918367346	0.14902363823227133
0.36942675159235666	0.14902363823227133
0.36895674300254455	0.14902363823227133
0.3684879288437103	0.14902363823227133
0.3680203045685279	0.14902363823227133
0.36755386565272496	0.14902363823227133
0.3670886075949367	0.14902363823227133
0.3666245259165613	0.14902363823227133
0.3661616161616162	0.14902363823227133
0.3656998738965952	0.14902363823227133
0.36523929471032746	0.14902363823227133
0.36477987421383645	0.14902363823227133
0.36432160804020103	0.14902363823227133
0.36386449184441655	0.14902363823227133
0.3634085213032581	0.14902363823227133
0.36295369211514394	0.14902363823227133
0.3625	0.14902363823227133
0.3620474406991261	0.14902363823227133
0.36159600997506236	0.14902363823227133
0.36114570361145704	0.14902363823227133
0.3619402985074627	0.14953751284686537
0.36149068322981365	0.14953751284686537
0.3610421836228288	0.14953751284686537
0.36059479553903345	0.14953751284686537
0.36014851485148514	0.14953751284686537
0.35970333745364647	0.14953751284686537
0.3592592592592593	0.14953751284686537
0.3588162762022195	0.14953751284686537
0.3583743842364532	0.14953751284686537
0.3591635916359164	0.1500513874614594
0.35995085995085996	0.15056526207605345
0.3595092024539877	0.15056526207605345
0.3590686274509804	0.15056526207605345
0.35862913096695226	0.15056526207605345
0.3581907090464548	0.15056526207605345
0.35775335775335776	0.15056526207605345
0.3573170731707317	0.15056526207605345
0.3568818514007308	0.15056526207605345
0.3564476885644769	0.15056526207605345
0.3560145808019441	0.15056526207605345
0.35558252427184467	0.15056526207605345
0.3563636363636364	0.1510791366906475
0.35714285714285715	0.15159301130524153
0.35792019347037485	0.15210688591983557
0.358695652173913	0.1526207605344296
0.3594692400482509	0.15313463514902365
0.3602409638554217	0.15364850976361769
0.36101083032490977	0.15416238437821173
0.3605769230769231	0.15416238437821173
0.36014405762304924	0.15416238437821173
0.3609112709832134	0.15467625899280577
0.36167664670658684	0.1551901336073998
0.361244019138756	0.1551901336073998
0.36081242532855434	0.1551901336073998
0.3615751789976134	0.15570400822199384
0.36114421930870083	0.15570400822199384
0.3607142857142857	0.15570400822199384
0.36028537455410226	0.15570400822199384
0.35985748218527314	0.15570400822199384
0.3594306049822064	0.15570400822199384
0.3590047393364929	0.15570400822199384
0.3585798816568047	0.15570400822199384
0.35815602836879434	0.15570400822199384
0.358913813459268	0.15621788283658788
0.3584905660377358	0.15621788283658788
0.3580683156654888	0.15621788283658788
0.35764705882352943	0.15621788283658788
0.3584018801410106	0.15673175745118192
0.357981220657277	0.15673175745118192
0.35756154747948415	0.15673175745118192
0.35714285714285715	0.15673175745118192
0.3567251461988304	0.15673175745118192
0.35630841121495327	0.15673175745118192
0.3558926487747958	0.15673175745118192
0.35664335664335667	0.15724563206577596
0.3562281722933644	0.15724563206577596
0.3558139534883721	0.15724563206577596
0.3554006968641115	0.15724563206577596
0.35498839907192575	0.15724563206577596
0.354577056778679	0.15724563206577596
0.3541666666666667	0.15724563206577596
0.353757225433526	0.15724563206577596
0.3533487297921478	0.15724563206577596
0.35409457900807384	0.15775950668036998
0.35368663594470046	0.15775950668036998
0.3532796317606444	0.15775950668036998
0.3528735632183908	0.15775950668036998
0.35246842709529275	0.15775950668036998
0.35206422018348627	0.15775950668036998
0.3528064146620848	0.15827338129496402
0.3524027459954233	0.15827338129496402
0.352	0.15827338129496402
0.3515981735159817	0.15827338129496402
0.3523375142531357	0.15878725590955806
0.35193621867881547	0.15878725590955806
0.3515358361774744	0.15878725590955806
0.35113636363636364	0.15878725590955806
0.3518728717366629	0.1593011305241521
0.35147392290249435	0.1593011305241521
0.3510758776896942	0.1593011305241521
0.3506787330316742	0.1593011305241521
0.3502824858757062	0.1593011305241521
0.3510158013544018	0.15981500513874614
0.3506200676437429	0.15981500513874614
0.3502252252252252	0.15981500513874614
0.3498312710911136	0.15981500513874614
0.350561797752809	0.16032887975334018
0.3501683501683502	0.16032887975334018
0.34977578475336324	0.16032887975334018
0.3505039193729003	0.16084275436793422
0.35011185682326623	0.16084275436793422
0.34972067039106147	0.16084275436793422
0.34933035714285715	0.16084275436793422
0.34894091415830547	0.16084275436793422
0.34855233853006684	0.16084275436793422
0.3481646273637375	0.16084275436793422
0.3477777777777778	0.16084275436793422
0.34850166481687017	0.16135662898252826
0.34811529933481156	0.16135662898252826
0.3477297895902547	0.16135662898252826
0.3473451327433628	0.16135662898252826
0.3469613259668508	0.16135662898252826
0.3465783664459161	0.16135662898252826
0.3472987872105843	0.1618705035971223
0.34691629955947134	0.1618705035971223
0.3465346534653465	0.1618705035971223
0.34615384615384615	0.1618705035971223
0.34577387486278816	0.1618705035971223
0.34649122807017546	0.16238437821171633
0.34611171960569553	0.16238437821171633
0.34573304157549234	0.16238437821171633
0.3453551912568306	0.16238437821171633
0.34497816593886466	0.16238437821171633
0.3446019629225736	0.16238437821171633
0.3442265795206972	0.16238437821171633
0.3438520130576714	0.16238437821171633
0.34347826086956523	0.16238437821171633
0.34310532030401736	0.16238437821171633
0.34273318872017355	0.16238437821171633
0.3434452871072589	0.16289825282631037
0.3430735930735931	0.16289825282631037
0.3427027027027027	0.16289825282631037
0.34233261339092874	0.16289825282631037
0.343042071197411	0.16341212744090441
0.3426724137931034	0.16341212744090441
0.34230355220667386	0.16341212744090441
0.34301075268817205	0.16392600205549845
0.3426423200859291	0.16392600205549845
0.34334763948497854	0.1644398766700925
0.3429796355841372	0.1644398766700925
0.3426124197002141	0.1644398766700925
0.3422459893048128	0.1644398766700925
0.3418803418803419	0.1644398766700925
0.3415154749199573	0.1644398766700925
0.3411513859275053	0.1644398766700925
0.3407880724174654	0.1644398766700925
0.3414893617021277	0.16495375128468653
0.34112646121147716	0.16495375128468653
0.34076433121019106	0.16495375128468653
0.34146341463414637	0.16546762589928057
0.3421610169491525	0.1659815005138746
0.3417989417989418	0.1659815005138746
0.34143763213530653	0.1659815005138746
0.34107708553326294	0.1659815005138746
0.3407172995780591	0.1659815005138746
0.3403582718651212	0.1659815005138746
0.34	0.1659815005138746
0.33964248159831756	0.1659815005138746
0.3392857142857143	0.1659815005138746
0.3389296956977964	0.1659815005138746
0.3385744234800839	0.1659815005138746
0.3382198952879581	0.1659815005138746
0.3378661087866109	0.1659815005138746
0.3375130616509927	0.1659815005138746
0.33716075156576203	0.1659815005138746
0.3368091762252346	0.1659815005138746
0.33645833333333336	0.1659815005138746
0.33610822060353795	0.1659815005138746
0.33575883575883575	0.1659815005138746
0.3354101765316719	0.1659815005138746
0.3350622406639004	0.1659815005138746
0.33471502590673574	0.1659815005138746
0.33436853002070394	0.1659815005138746
0.3340227507755946	0.1659815005138746
0.3347107438016529	0.16649537512846865
0.33436532507739936	0.16649537512846865
0.33505154639175255	0.1670092497430627
0.33470648815653964	0.1670092497430627
0.33539094650205764	0.16752312435765673
0.33504624871531347	0.16752312435765673
0.33572895277207393	0.16803699897225077
0.3353846153846154	0.16803699897225077
0.3360655737704918	0.1685508735868448
0.33572159672466734	0.1685508735868448
0.33537832310838445	0.1685508735868448
0.33605720122574056	0.16906474820143885
0.336734693877551	0.1695786228160329
0.3363914373088685	0.1695786228160329
0.33706720977596744	0.17009249743062693
0.3367243133265514	0.17009249743062693
0.3363821138211382	0.17009249743062693
0.33604060913705586	0.17009249743062693
0.3356997971602434	0.17009249743062693
0.3353596757852077	0.17009249743062693
0.3360323886639676	0.17060637204522097
0.3356926188068756	0.17060637204522097
0.33535353535353535	0.17060637204522097
0.3350151362260343	0.17060637204522097
0.3346774193548387	0.17060637204522097
0.33434038267875127	0.17060637204522097
0.33400402414486924	0.17060637204522097
0.3336683417085427	0.17060637204522097
0.3333333333333333	0.17060637204522097
0.3329989969909729	0.17060637204522097
0.33266533066132264	0.17060637204522097
0.33233233233233234	0.17060637204522097
0.332	0.17060637204522097
0.33166833166833165	0.17060637204522097
0.3323353293413174	0.171120246659815
0.3320039880358923	0.171120246659815
0.33167330677290835	0.171120246659815
0.33134328358208953	0.171120246659815
0.33101391650099404	0.171120246659815
0.33068520357497516	0.171120246659815
0.33035714285714285	0.171120246659815
0.33002973240832506	0.171120246659815
0.3297029702970297	0.171120246659815
0.3293768545994065	0.171120246659815
0.3290513833992095	0.171120246659815
0.32872655478775914	0.171120246659815
0.32840236686390534	0.171120246659815
0.32807881773399017	0.171120246659815
0.328740157480315	0.17163412127440905
0.32841691248770893	0.17163412127440905
0.3280943025540275	0.17163412127440905
0.3277723258096173	0.17163412127440905
0.32745098039215687	0.17163412127440905
0.32713026444662097	0.17163412127440905
0.32778864970645794	0.1721479958890031
0.32746823069403713	0.1721479958890031
0.3271484375	0.1721479958890031
0.32682926829268294	0.1721479958890031
0.32651072124756336	0.1721479958890031
0.32619279454722494	0.1721479958890031
0.32587548638132297	0.1721479958890031
0.32555879494655005	0.1721479958890031
0.3262135922330097	0.17266187050359713
0.3258971871968962	0.17266187050359713
0.32558139534883723	0.17266187050359713
0.32526621490803487	0.17266187050359713
0.32495164410058025	0.17266187050359713
0.32463768115942027	0.17266187050359713
0.32432432432432434	0.17266187050359713
0.3240115718418515	0.17266187050359713
0.3236994219653179	0.17266187050359713
0.32435033686236764	0.17317574511819117
0.32403846153846155	0.17317574511819117
0.32372718539865514	0.17317574511819117
0.32341650671785027	0.17317574511819117
0.3231064237775647	0.17317574511819117
0.3227969348659004	0.17317574511819117
0.32248803827751193	0.17317574511819117
0.3231357552581262	0.1736896197327852
0.3228271251193887	0.1736896197327852
0.3234732824427481	0.17420349434737925
0.323164918970448	0.17420349434737925
0.32285714285714284	0.17420349434737925
0.3225499524262607	0.17420349434737925
0.32224334600760457	0.17420349434737925
0.32193732193732194	0.17420349434737925
0.3225806451612903	0.1747173689619733
0.3222748815165877	0.1747173689619733
0.32196969696969696	0.1747173689619733
0.3226111636707663	0.17523124357656733
0.32325141776937616	0.17574511819116137
0.32294617563739375	0.17574511819116137
0.32264150943396225	0.17574511819116137
0.3223374175306315	0.17574511819116137
0.3220338983050847	0.17574511819116137
0.3217309501411101	0.17574511819116137
0.32142857142857145	0.17574511819116137
0.3211267605633803	0.17574511819116137
0.32082551594746717	0.17574511819116137
0.32052483598875353	0.17574511819116137
0.3202247191011236	0.17574511819116137
0.3199251637043966	0.17574511819116137
0.3205607476635514	0.17625899280575538
0.3202614379084967	0.17625899280575538
0.3208955223880597	0.17677286742034942
0.320596458527493	0.17677286742034942
0.3202979515828678	0.17677286742034942
0.32	0.17677286742034942
0.32063197026022305	0.17728674203494346
0.3203342618384401	0.17728674203494346
0.3209647495361781	0.1778006166495375
0.3215940685820204	0.17831449126413154
0.3212962962962963	0.17831449126413154
0.3209990749306198	0.17831449126413154
0.32070240295748614	0.17831449126413154
0.3204062788550323	0.17831449126413154
0.32011070110701106	0.17831449126413154
0.31981566820276497	0.17831449126413154
0.31952117863720075	0.17831449126413154
0.31922723091076355	0.17831449126413154
0.31985294117647056	0.17882836587872558
0.3204775022956841	0.17934224049331962
0.3201834862385321	0.17934224049331962
0.3198900091659028	0.17934224049331962
0.31959706959706957	0.17934224049331962
0.3193046660567246	0.17934224049331962
0.3190127970749543	0.17934224049331962
0.3187214611872146	0.17934224049331962
0.31843065693430656	0.17934224049331962
0.31814038286235186	0.17934224049331962
0.31785063752276865	0.17934224049331962
0.3175614194722475	0.17934224049331962
0.31727272727272726	0.17934224049331962
0.3169845594913715	0.17934224049331962
0.31669691470054445	0.17934224049331962
0.31640979147778786	0.17934224049331962
0.3161231884057971	0.17934224049331962
0.3158371040723982	0.17934224049331962
0.3155515370705244	0.17934224049331962
0.3152664859981933	0.17934224049331962
0.315884476534296	0.17985611510791366
0.3155996393146979	0.17985611510791366
0.3153153153153153	0.17985611510791366
0.31503150315031503	0.17985611510791366
0.3147482014388489	0.17985611510791366
0.31446540880503143	0.17985611510791366
0.3141831238779174	0.17985611510791366
0.31390134529147984	0.17985611510791366
0.31362007168458783	0.17985611510791366
0.3133393017009848	0.17985611510791366
0.31305903398926654	0.17985611510791366
0.3136729222520107	0.1803699897225077
0.31339285714285714	0.1803699897225077
0.31311329170383584	0.1803699897225077
0.31283422459893045	0.1803699897225077
0.31255565449688333	0.1803699897225077
0.31316725978647686	0.18088386433710174
0.3128888888888889	0.18088386433710174
0.31261101243339257	0.18088386433710174
0.31233362910381546	0.18088386433710174
0.3120567375886525	0.18088386433710174
0.31178033658104515	0.18088386433710174
0.31150442477876106	0.18088386433710174
0.3112290008841733	0.18088386433710174
0.31095406360424027	0.18088386433710174
0.3106796116504854	0.18088386433710174
0.31040564373897706	0.18088386433710174
0.31101321585903086	0.18139773895169578
0.3107394366197183	0.18139773895169578
0.31046613896218117	0.18139773895169578
0.3101933216168717	0.18139773895169578
0.3099209833187006	0.18139773895169578
0.30964912280701756	0.18139773895169578
0.3102541630148992	0.18191161356628982
0.30998248686514884	0.18191161356628982
0.30971128608923887	0.18191161356628982
0.3094405594405594	0.18191161356628982
0.31004366812227074	0.18242548818088386
0.30977312390924955	0.18242548818088386
0.3095030514385353	0.18242548818088386
0.30923344947735193	0.18242548818088386
0.308964316797215	0.18242548818088386
0.30869565217391304	0.18242548818088386
0.30842745438748914	0.18242548818088386
0.3081597222222222	0.18242548818088386
0.30789245446660884	0.18242548818088386
0.30849220103986136	0.1829393627954779
0.30822510822510824	0.1829393627954779
0.3079584775086505	0.1829393627954779
0.3076923076923077	0.1829393627954779
0.307426597582038	0.1829393627954779
0.3071613459879206	0.1829393627954779
0.30689655172413793	0.1829393627954779
0.3066322136089578	0.1829393627954779
0.306368330464716	0.1829393627954779
0.3061049011177988	0.1829393627954779
0.30584192439862545	0.1829393627954779
0.30643776824034336	0.18345323741007194
0.30617495711835335	0.18345323741007194
0.3059125964010283	0.18345323741007194
0.3056506849315068	0.18345323741007194
0.30538922155688625	0.18345323741007194
0.30512820512820515	0.18345323741007194
0.304867634500427	0.18345323741007194
0.3046075085324232	0.18345323741007194
0.30434782608695654	0.18345323741007194
0.3040885860306644	0.18345323741007194
0.3038297872340426	0.18345323741007194
0.30357142857142855	0.18345323741007194
0.3033135089209856	0.18345323741007194
0.3030560271646859	0.18345323741007194
0.30279898218829515	0.18345323741007194
0.30254237288135594	0.18345323741007194
0.3022861981371719	0.18345323741007194
0.3020304568527919	0.18345323741007194
0.3026204564666103	0.18396711202466598
0.30236486486486486	0.18396711202466598
0.3029535864978903	0.18448098663926002
0.30354131534569984	0.18499486125385406
0.3032855939342881	0.18499486125385406
0.30303030303030304	0.18499486125385406
0.3027754415475189	0.18499486125385406
0.3033613445378151	0.1855087358684481
0.30310663308144414	0.1855087358684481
0.3028523489932886	0.1855087358684481
0.30259849119865884	0.1855087358684481
0.30234505862646566	0.1855087358684481
0.30209205020920504	0.1855087358684481
0.30183946488294316	0.1855087358684481
0.30158730158730157	0.1855087358684481
0.3013355592654424	0.1855087358684481
0.3010842368640534	0.1855087358684481
0.30083333333333334	0.1855087358684481
0.3005828476269775	0.1855087358684481
0.3011647254575707	0.18602261048304214
0.30091438071487947	0.18602261048304214
0.30066445182724255	0.18602261048304214
0.3004149377593361	0.18602261048304214
0.30016583747927034	0.18602261048304214
0.299917149958575	0.18602261048304214
0.2996688741721854	0.18602261048304214
0.29942100909842845	0.18602261048304214
0.2991735537190083	0.18602261048304214
0.2989265070189926	0.18602261048304214
0.2986798679867987	0.18602261048304214
0.29843363561417974	0.18602261048304214
0.2990115321252059	0.18653648509763618
0.29958847736625516	0.18705035971223022
0.2993421052631579	0.18705035971223022
0.2990961380443714	0.18705035971223022
0.2988505747126437	0.18705035971223022
0.29860541427399506	0.18705035971223022
0.29918032786885246	0.18756423432682426
0.2989352989352989	0.18756423432682426
0.2986906710310966	0.18756423432682426
0.29844644317252655	0.18756423432682426
0.29820261437908496	0.18756423432682426
0.2979591836734694	0.18756423432682426
0.29771615008156604	0.18756423432682426
0.2974735126324368	0.18756423432682426
0.2972312703583062	0.18756423432682426
0.2969894222945484	0.18756423432682426
0.2967479674796748	0.18756423432682426
0.2965069049553209	0.18756423432682426
0.2962662337662338	0.18756423432682426
0.2960259529602595	0.18756423432682426
0.29578606158833065	0.18756423432682426
0.2963562753036437	0.1880781089414183
0.2961165048543689	0.1880781089414183
0.29668552950687144	0.18859198355601234
0.2964458804523425	0.18859198355601234
0.29620661824051653	0.18859198355601234
0.29596774193548386	0.18859198355601234
0.29572925060435135	0.18859198355601234
0.2962962962962963	0.18910585817060638
0.29605792437650846	0.18910585817060638
0.2958199356913183	0.18910585817060638
0.2955823293172691	0.18910585817060638
0.2953451043338684	0.18910585817060638
0.2951082598235766	0.18910585817060638
0.2948717948717949	0.18910585817060638
0.2946357085668535	0.18910585817060638
0.2944	0.18910585817060638
0.2941646682653877	0.18910585817060638
0.2939297124600639	0.18910585817060638
0.2936951316839585	0.18910585817060638
0.2934609250398724	0.18910585817060638
0.2932270916334661	0.18910585817060638
0.2929936305732484	0.18910585817060638
0.29276054097056486	0.18910585817060638
0.29252782193958665	0.18910585817060638
0.2930897537728356	0.18961973278520042
0.29285714285714287	0.18961973278520042
0.29262490087232357	0.18961973278520042
0.29239302694136293	0.18961973278520042
0.2929532858273951	0.19013360739979446
0.2935126582278481	0.1906474820143885
0.2932806324110672	0.1906474820143885
0.2930489731437599	0.1906474820143885
0.292817679558011	0.1906474820143885
0.29337539432176657	0.19116135662898254
0.29314420803782504	0.19116135662898254
0.2929133858267717	0.19116135662898254
0.2926829268292683	0.19116135662898254
0.29245283018867924	0.19116135662898254
0.29300864100549884	0.19167523124357658
0.29277864992150704	0.19167523124357658
0.29254901960784313	0.19167523124357658
0.29231974921630094	0.19167523124357658
0.29287392325763506	0.19218910585817062
0.29264475743348983	0.19218910585817062
0.292415949960907	0.19218910585817062
0.2921875	0.19218910585817062
0.29195940671350507	0.19218910585817062
0.2917316692667707	0.19218910585817062
0.2915042868277475	0.19218910585817062
0.29127725856697817	0.19218910585817062
0.29105058365758757	0.19218910585817062
0.29082426127527217	0.19218910585817062
0.2905982905982906	0.19218910585817062
0.29037267080745344	0.19218910585817062
0.29014740108611325	0.19218910585817062
0.289922480620155	0.19218910585817062
0.28969790859798605	0.19218910585817062
0.2894736842105263	0.19218910585817062
0.28924980665119876	0.19218910585817062
0.2890262751159196	0.19218910585817062
0.2888030888030888	0.19218910585817062
0.28858024691358025	0.19218910585817062
0.28835774865073244	0.19218910585817062
0.288135593220339	0.19218910585817062
0.28868360277136257	0.19270298047276466
0.28846153846153844	0.19270298047276466
0.28823981552651806	0.19270298047276466
0.2880184331797235	0.19270298047276466
0.2885648503453569	0.1932168550873587
0.2883435582822086	0.1932168550873587
0.28888888888888886	0.19373072970195274
0.2886676875957121	0.19373072970195274
0.2884468247895945	0.19373072970195274
0.2882262996941896	0.19373072970195274
0.2880061115355233	0.19373072970195274
0.2877862595419847	0.19373072970195274
0.28756674294431733	0.19373072970195274
0.28734756097560976	0.19373072970195274
0.2871287128712871	0.19373072970195274
0.286910197869102	0.19373072970195274
0.28669201520912546	0.19373072970195274
0.2864741641337386	0.19373072970195274
0.2862566438876234	0.19373072970195274
0.2860394537177542	0.19373072970195274
0.28582259287338896	0.19373072970195274
0.2856060606060606	0.19373072970195274
0.2853898561695685	0.19373072970195274
0.28517397881996975	0.19373072970195274
0.2849584278155707	0.19373072970195274
0.2847432024169184	0.19373072970195274
0.2852830188679245	0.19424460431654678
0.2850678733031674	0.19424460431654678
0.28560663149962323	0.1947584789311408
0.28539156626506024	0.1947584789311408
0.28517682468021066	0.1947584789311408
0.2849624060150376	0.1947584789311408
0.284748309541698	0.1947584789311408
0.28453453453453453	0.1947584789311408
0.2843210802700675	0.1947584789311408
0.2841079460269865	0.1947584789311408
0.28389513108614234	0.1947584789311408
0.2836826347305389	0.1947584789311408
0.28421839940164545	0.19527235354573483
0.28400597907324365	0.19527235354573483
0.28454070201643017	0.19578622816032887
0.28432835820895525	0.19578622816032887
0.2841163310961969	0.19578622816032887
0.28390461997019373	0.19578622816032887
0.28369322412509307	0.19578622816032887
0.28348214285714285	0.19578622816032887
0.283271375464684	0.19578622816032887
0.28306092124814264	0.19578622816032887
0.2828507795100223	0.19578622816032887
0.28264094955489616	0.19578622816032887
0.2824314306893996	0.19578622816032887
0.28296296296296297	0.1963001027749229
0.28275351591413767	0.1963001027749229
0.28328402366863903	0.19681397738951695
0.28307464892830747	0.19681397738951695
0.28286558345642543	0.19681397738951695
0.2826568265682657	0.19681397738951695
0.28244837758112096	0.19681397738951695
0.2829771554900516	0.197327852004111
0.28276877761413843	0.197327852004111
0.28329654157468726	0.19784172661870503
0.28308823529411764	0.19784172661870503
0.2828802351212344	0.19784172661870503
0.28267254038179146	0.19784172661870503
0.28246515040352166	0.19784172661870503
0.28225806451612906	0.19784172661870503
0.28205128205128205	0.19784172661870503
0.28184480234260617	0.19784172661870503
0.28237015362106804	0.19835560123329907
0.2821637426900585	0.19835560123329907
0.28268809349890434	0.1988694758478931
0.2824817518248175	0.1988694758478931
0.28227571115973743	0.1988694758478931
0.2820699708454811	0.1988694758478931
0.2825928623452294	0.19938335046248715
0.2823871906841339	0.19938335046248715
0.2821818181818182	0.19938335046248715
0.282703488372093	0.1998972250770812
0.28322440087145967	0.20041109969167523
0.2830188679245283	0.20041109969167523
0.2828136330674402	0.20041109969167523
0.2826086956521739	0.20041109969167523
0.2824040550325851	0.20041109969167523
0.2821997105643994	0.20041109969167523
0.2827187274041938	0.20092497430626927
0.282514450867052	0.20092497430626927
0.28231046931407944	0.20092497430626927
0.2821067821067821	0.20092497430626927
0.28262436914203315	0.2014388489208633
0.2824207492795389	0.2014388489208633
0.28293736501079914	0.20195272353545735
0.2827338129496403	0.20195272353545735
0.28253055355859097	0.20195272353545735
0.2823275862068966	0.20195272353545735
0.28212491026561376	0.20195272353545735
0.281922525107604	0.20195272353545735
0.2817204301075269	0.20195272353545735
0.2815186246418338	0.20195272353545735
0.28131710808876165	0.20195272353545735
0.2811158798283262	0.20195272353545735
0.2809149392423159	0.20195272353545735
0.2807142857142857	0.20195272353545735
0.28051391862955033	0.20195272353545735
0.28031383737517834	0.20195272353545735
0.28011404133998574	0.20195272353545735
0.2799145299145299	0.20195272353545735
0.2797153024911032	0.20195272353545735
0.2795163584637269	0.20195272353545735
0.279317697228145	0.20195272353545735
0.2791193181818182	0.20195272353545735
0.2789212207239177	0.20195272353545735
0.27872340425531916	0.20195272353545735
0.27852586817859676	0.20195272353545735
0.2790368271954674	0.20246659815005139
0.2788393489030432	0.20246659815005139
0.27934936350777934	0.20298047276464543
0.2791519434628975	0.20298047276464543
0.278954802259887	0.20298047276464543
0.27875793930839804	0.20298047276464543
0.27856135401974613	0.20298047276464543
0.27906976744186046	0.20349434737923947
0.27887323943661974	0.20349434737923947
0.27867698803659396	0.20349434737923947
0.27848101265822783	0.20349434737923947
0.2782853127196065	0.20349434737923947
0.27808988764044945	0.20349434737923947
0.27789473684210525	0.20349434737923947
0.2776998597475456	0.20349434737923947
0.2775052557813595	0.20349434737923947
0.2773109243697479	0.20349434737923947
0.27711686494051785	0.20349434737923947
0.27692307692307694	0.20349434737923947
0.27672955974842767	0.20349434737923947
0.276536312849162	0.20349434737923947
0.2763433356594557	0.20349434737923947
0.27615062761506276	0.20349434737923947
0.2759581881533101	0.20349434737923947
0.2757660167130919	0.20349434737923947
0.2755741127348643	0.20349434737923947
0.2760778859527121	0.2040082219938335
0.2758860319666435	0.2040082219938335
0.27569444444444446	0.2040082219938335
0.27550312283136713	0.2040082219938335
0.2753120665742025	0.2040082219938335
0.2751212751212751	0.2040082219938335
0.27493074792243766	0.2040082219938335
0.2754325259515571	0.20452209660842754
0.2752420470262794	0.20452209660842754
0.2750518313752592	0.20452209660842754
0.27486187845303867	0.20452209660842754
0.274672187715666	0.20452209660842754
0.27448275862068966	0.20452209660842754
0.2742935906271537	0.20452209660842754
0.2741046831955923	0.20452209660842754
0.2746042670337233	0.20503597122302158
0.27441540577716644	0.20503597122302158
0.27422680412371137	0.20503597122302158
0.27403846153846156	0.20503597122302158
0.273850377487989	0.20503597122302158
0.27434842249657065	0.20554984583761562
0.27416038382453733	0.20554984583761562
0.273972602739726	0.20554984583761562
0.2737850787132101	0.20554984583761562
0.27359781121751026	0.20554984583761562
0.2734107997265892	0.20554984583761562
0.273224043715847	0.20554984583761562
0.27303754266211605	0.20554984583761562
0.2728512960436562	0.20554984583761562
0.27266530334015	0.20554984583761562
0.2724795640326976	0.20554984583761562
0.27229407760381213	0.20554984583761562
0.272108843537415	0.20554984583761562
0.27192386131883073	0.20554984583761562
0.2717391304347826	0.20554984583761562
0.27155465037338766	0.20554984583761562
0.27137042062415195	0.20554984583761562
0.2711864406779661	0.20554984583761562
0.27100271002710025	0.20554984583761562
0.2708192281651997	0.20554984583761562
0.2706359945872801	0.20554984583761562
0.2704530087897228	0.20554984583761562
0.2702702702702703	0.20554984583761562
0.27076299797434167	0.20606372045220966
0.27058029689608637	0.20606372045220966
0.27039784221173296	0.20606372045220966
0.2702156334231806	0.20606372045220966
0.27003367003367	0.20606372045220966
0.2698519515477793	0.20606372045220966
0.269670477471419	0.20606372045220966
0.26948924731182794	0.20606372045220966
0.26930826057756885	0.20606372045220966
0.2691275167785235	0.20606372045220966
0.26894701542588867	0.20606372045220966
0.2687667560321716	0.20606372045220966
0.2692565304755526	0.2065775950668037
0.26907630522088355	0.2065775950668037
0.26956521739130435	0.20709146968139774
0.26938502673796794	0.20709146968139774
0.26920507682030725	0.20709146968139774
0.2690253671562083	0.20709146968139774
0.2688458972648432	0.20709146968139774
0.26866666666666666	0.20709146968139774
0.2684876748834111	0.20709146968139774
0.26830892143808255	0.20709146968139774
0.26879574184963406	0.20760534429599178
0.26861702127659576	0.20760534429599178
0.26843853820598007	0.20760534429599178
0.2682602921646746	0.20760534429599178
0.26808228268082285	0.20760534429599178
0.26790450928381965	0.20760534429599178
0.26772697150430746	0.20760534429599178
0.2675496688741722	0.20760534429599178
0.2673726009265387	0.20760534429599178
0.2671957671957672	0.20760534429599178
0.2670191672174488	0.20760534429599178
0.2668428005284016	0.20760534429599178
0.26666666666666666	0.20760534429599178
0.26649076517150394	0.20760534429599178
0.2663150955833883	0.20760534429599178
0.26613965744400525	0.20760534429599178
0.26596445029624755	0.20760534429599178
0.2657894736842105	0.20760534429599178
0.2656147271531887	0.20760534429599178
0.26609724047306177	0.20811921891058582
0.2665791201575837	0.20863309352517986
0.2664041994750656	0.20863309352517986
0.26688524590163937	0.2091469681397739
0.2667103538663172	0.2091469681397739
0.26653569089718404	0.2091469681397739
0.2663612565445026	0.2091469681397739
0.26618705035971224	0.2091469681397739
0.26601307189542484	0.2091469681397739
0.26583932070542127	0.2091469681397739
0.26566579634464754	0.2091469681397739
0.26614481409001955	0.20966084275436794
0.26597131681877445	0.20966084275436794
0.26579804560260584	0.20966084275436794
0.265625	0.20966084275436794
0.2654521795705921	0.20966084275436794
0.26527958387516254	0.20966084275436794
0.2651072124756335	0.20966084275436794
0.2655844155844156	0.21017471736896198
0.26606099935107075	0.21068859198355602
0.26588845654993515	0.21068859198355602
0.2657161373946857	0.21068859198355602
0.2655440414507772	0.21068859198355602
0.26537216828478966	0.21068859198355602
0.2652005174644243	0.21068859198355602
0.2650290885585003	0.21068859198355602
0.2648578811369509	0.21068859198355602
0.26468689477081986	0.21068859198355602
0.2651612903225806	0.21120246659815006
0.26563507414571247	0.2117163412127441
0.2661082474226804	0.21223021582733814
0.2659368963296845	0.21223021582733814
0.26576576576576577	0.21223021582733814
0.2655948553054662	0.21223021582733814
0.2660668380462725	0.21274409044193218
0.2658959537572254	0.21274409044193218
0.26572528883183566	0.21274409044193218
0.2655548428479795	0.21274409044193218
0.2653846153846154	0.21274409044193218
0.2658552210121717	0.2132579650565262
0.26568501920614596	0.2132579650565262
0.2655150351887396	0.2132579650565262
0.2653452685421995	0.2132579650565262
0.26517571884984026	0.2132579650565262
0.26500638569604085	0.2132579650565262
0.26483726866624124	0.2132579650565262
0.26466836734693877	0.2132579650565262
0.2651370299553856	0.21377183967112023
0.26496815286624203	0.21377183967112023
0.26479949077021003	0.21377183967112023
0.26463104325699743	0.21377183967112023
0.2644628099173554	0.21377183967112023
0.26429479034307496	0.21377183967112023
0.26412698412698415	0.21377183967112023
0.2639593908629442	0.21377183967112023
0.2637920101458465	0.21377183967112023
0.26425855513307983	0.21428571428571427
0.2640911969601013	0.21428571428571427
0.2639240506329114	0.21428571428571427
0.2637571157495256	0.21428571428571427
0.263590391908976	0.21428571428571427
0.2634238787113076	0.21428571428571427
0.26325757575757575	0.21428571428571427
0.2630914826498423	0.21428571428571427
0.26292559899117274	0.21428571428571427
0.2627599243856333	0.21428571428571427
0.26259445843828716	0.21428571428571427
0.26242920075519194	0.21428571428571427
0.2622641509433962	0.21428571428571427
0.2620993086109365	0.21428571428571427
0.2619346733668342	0.21428571428571427
0.2617702448210923	0.21428571428571427
0.2616060225846926	0.21428571428571427
0.26144200626959246	0.21428571428571427
0.26127819548872183	0.21428571428571427
0.26111458985597996	0.21428571428571427
0.2609511889862328	0.21428571428571427
0.2607879924953096	0.21428571428571427
0.260625	0.21428571428571427
0.26108682073703937	0.2147995889003083
0.26092384519350814	0.2147995889003083
0.2607610729881472	0.2147995889003083
0.26059850374064836	0.2147995889003083
0.2604361370716511	0.2147995889003083
0.2602739726027397	0.2147995889003083
0.26011200995644057	0.2147995889003083
0.2599502487562189	0.2147995889003083
0.2597886886264761	0.2147995889003083
0.2596273291925466	0.2147995889003083
0.2594661700806952	0.2147995889003083
0.25992555831265507	0.21531346351490235
0.2597644141351519	0.21531346351490235
0.26022304832713755	0.2158273381294964
0.26006191950464397	0.2158273381294964
0.2599009900990099	0.2158273381294964
0.2597402597402597	0.2158273381294964
0.2595797280593325	0.2158273381294964
0.25941939468807906	0.2158273381294964
0.25925925925925924	0.2158273381294964
0.2590993214065392	0.2158273381294964
0.2595561035758323	0.21634121274409043
0.25939617991374	0.21634121274409043
0.25985221674876846	0.21685508735868447
0.25969230769230767	0.21685508735868447
0.25953259532595324	0.21685508735868447
0.25937307928703135	0.21685508735868447
0.25982800982800985	0.2173689619732785
0.26028238182934316	0.21788283658787255
0.26012269938650306	0.21788283658787255
0.25996321275291234	0.21788283658787255
0.25980392156862747	0.21788283658787255
0.25964482547458667	0.21788283658787255
0.2594859241126071	0.21788283658787255
0.25932721712538226	0.21788283658787255
0.2591687041564792	0.21788283658787255
0.259010384850336	0.21788283658787255
0.2588522588522589	0.21788283658787255
0.2586943258084198	0.21788283658787255
0.25853658536585367	0.21788283658787255
0.2583790371724558	0.21788283658787255
0.2582216808769793	0.21788283658787255
0.25806451612903225	0.21788283658787255
0.25790754257907544	0.21788283658787255
0.25775075987841944	0.21788283658787255
0.25759416767922233	0.21788283658787255
0.25743776563448695	0.21788283658787255
0.25728155339805825	0.21788283658787255
0.25712553062462096	0.21788283658787255
0.25757575757575757	0.2183967112024666
0.257419745608722	0.2183967112024666
0.2572639225181598	0.2183967112024666
0.2571082879612825	0.2183967112024666
0.2569528415961306	0.2183967112024666
0.256797583081571	0.2183967112024666
0.25664251207729466	0.2183967112024666
0.2564876282438141	0.2183967112024666
0.2563329312424608	0.2183967112024666
0.2561784207353828	0.2183967112024666
0.2560240963855422	0.2183967112024666
0.25586995785671285	0.2183967112024666
0.2563176895306859	0.21891058581706063
0.2561635598316296	0.21891058581706063
0.25600961538461536	0.21891058581706063
0.25585585585585585	0.21891058581706063
0.25570228091236497	0.21891058581706063
0.2555488902219556	0.21891058581706063
0.25539568345323743	0.21891058581706063
0.25524266027561415	0.21891058581706063
0.25508982035928146	0.21891058581706063
0.2555356074207062	0.21942446043165467
0.2553827751196172	0.21942446043165467
0.25523012552301255	0.21942446043165467
0.25507765830346474	0.21942446043165467
0.25492537313432834	0.21942446043165467
0.25477326968973746	0.21942446043165467
0.25521765056648776	0.2199383350462487
0.2550655542312277	0.2199383350462487
0.2549136390708755	0.2199383350462487
0.25476190476190474	0.2199383350462487
0.2546103509815586	0.2199383350462487
0.2550535077288942	0.22045220966084275
0.2549019607843137	0.22045220966084275
0.25475059382422804	0.22045220966084275
0.2545994065281899	0.22045220966084275
0.25444839857651247	0.22045220966084275
0.25429756965026673	0.22045220966084275
0.2541469194312796	0.22045220966084275
0.2539964476021314	0.22045220966084275
0.25384615384615383	0.22045220966084275
0.25369603784742756	0.22045220966084275
0.25354609929078015	0.22045220966084275
0.25339633786178384	0.22045220966084275
0.2532467532467532	0.22045220966084275
0.25309734513274335	0.22045220966084275
0.2529481132075472	0.22045220966084275
0.2527990571596936	0.22045220966084275
0.25265017667844525	0.22045220966084275
0.25250147145379637	0.22045220966084275
0.2523529411764706	0.22045220966084275
0.25279247501469726	0.2209660842754368
0.2526439482961222	0.2209660842754368
0.2524955960070464	0.2209660842754368
0.25234741784037557	0.2209660842754368
0.25219941348973607	0.2209660842754368
0.25205158264947247	0.2209660842754368
0.2519039250146456	0.2209660842754368
0.25175644028103045	0.2209660842754368
0.2516091281451141	0.2209660842754368
0.25146198830409355	0.2209660842754368
0.2513150204558738	0.2209660842754368
0.25116822429906543	0.2209660842754368
0.2510215995329831	0.2209660842754368
0.2508751458576429	0.2209660842754368
0.25072886297376096	0.2209660842754368
0.2505827505827506	0.2209660842754368
0.250436808386721	0.2209660842754368
0.25029103608847497	0.2209660842754368
0.2501454333915067	0.2209660842754368
0.25	0.2209660842754368
0.2504357931435212	0.22147995889003083
0.2502903600464576	0.22147995889003083
0.2501450957632037	0.22147995889003083
0.25	0.22147995889003083
0.24985507246376812	0.22147995889003083
0.24971031286210893	0.22147995889003083
0.2495657209033005	0.22147995889003083
0.25	0.22199383350462487
0.2498554077501446	0.22199383350462487
0.24971098265895952	0.22199383350462487
0.25014442518775276	0.2225077081192189
0.25	0.2225077081192189
0.24985574148874784	0.2225077081192189
0.2497116493656286	0.2225077081192189
0.24956772334293947	0.2225077081192189
0.24942396313364054	0.2225077081192189
0.2492803684513529	0.2225077081192189
0.24971231300345226	0.22302158273381295
0.24956871765382405	0.22302158273381295
0.25	0.223535457348407
0.2498564043653073	0.223535457348407
0.24971297359357061	0.223535457348407
0.2495697074010327	0.223535457348407
0.24942660550458715	0.223535457348407
0.2492836676217765	0.223535457348407
0.24971363115693013	0.22404933196300103
0.249570692615913	0.22404933196300103
0.2494279176201373	0.22404933196300103
0.24928530588907946	0.22404933196300103
0.24914285714285714	0.22404933196300103
0.24900057110222729	0.22404933196300103
0.24885844748858446	0.22404933196300103
0.24871648602395893	0.22404933196300103
0.24857468643101482	0.22404933196300103
0.24843304843304842	0.22404933196300103
0.24829157175398633	0.22404933196300103
0.24815025611838362	0.22404933196300103
0.24800910125142206	0.22404933196300103
0.24786810687890848	0.22404933196300103
0.24829545454545454	0.22456320657759507
0.24815445769449176	0.22456320657759507
0.24801362088535756	0.22456320657759507
0.24787294384571754	0.22456320657759507
0.24829931972789115	0.2250770811921891
0.2481586402266289	0.2250770811921891
0.2480181200453001	0.2250770811921891
0.24787775891341257	0.2250770811921891
0.24773755656108598	0.2250770811921891
0.2475975127190503	0.2250770811921891
0.24745762711864408	0.2250770811921891
0.24731789949181254	0.2250770811921891
0.24717832957110608	0.2250770811921891
0.2476029328821207	0.22559095580678315
0.24746335963923338	0.22559095580678315
0.24732394366197183	0.22559095580678315
0.24718468468468469	0.22559095580678315
0.2470455824423185	0.22559095580678315
0.2469066366704162	0.22559095580678315
0.24676784710511523	0.22559095580678315
0.24662921348314606	0.22559095580678315
0.24649073554183043	0.22559095580678315
0.24635241301907967	0.22559095580678315
0.24677509814918677	0.2261048304213772
0.24663677130044842	0.2261048304213772
0.24649859943977592	0.2261048304213772
0.24636058230683092	0.2261048304213772
0.24622271964185785	0.2261048304213772
0.24608501118568232	0.2261048304213772
0.24594745667970933	0.2261048304213772
0.24581005586592178	0.2261048304213772
0.24567280848687884	0.2261048304213772
0.24553571428571427	0.2261048304213772
0.24539877300613497	0.2261048304213772
0.24526198439241917	0.2261048304213772
0.24512534818941503	0.2261048304213772
0.24498886414253898	0.2261048304213772
0.24485253199777407	0.2261048304213772
0.2447163515016685	0.2261048304213772
0.24458032240133407	0.2261048304213772
0.24444444444444444	0.2261048304213772
0.24430871737923376	0.2261048304213772
0.244173140954495	0.2261048304213772
0.24403771491957849	0.2261048304213772
0.24390243902439024	0.2261048304213772
0.24376731301939059	0.2261048304213772
0.24363233665559247	0.2261048304213772
0.24349750968456005	0.2261048304213772
0.24391592920353983	0.22661870503597123
0.24378109452736318	0.22661870503597123
0.243646408839779	0.22661870503597123
0.2435118718939812	0.22661870503597123
0.2433774834437086	0.22661870503597123
0.24324324324324326	0.22661870503597123
0.24310915104740904	0.22661870503597123
0.24297520661157024	0.22661870503597123
0.24284140969162996	0.22661870503597123
0.2427077600440286	0.22661870503597123
0.24257425742574257	0.22661870503597123
0.24299065420560748	0.22713257965056527
0.24285714285714285	0.22713257965056527
0.242723778143877	0.22713257965056527
0.24313940724478594	0.2276464542651593
0.24300603400987383	0.2276464542651593
0.24287280701754385	0.2276464542651593
0.24273972602739727	0.2276464542651593
0.24260679079956188	0.2276464542651593
0.24247400109469075	0.2276464542651593
0.24288840262582057	0.22816032887975335
0.2427556041552761	0.22816032887975335
0.24262295081967214	0.22816032887975335
0.2430365920262152	0.2286742034943474
0.24290393013100436	0.2286742034943474
0.24277141298417895	0.2286742034943474
0.24263904034896402	0.2286742034943474
0.24250681198910082	0.2286742034943474
0.24237472766884532	0.2286742034943474
0.2422427871529668	0.2286742034943474
0.24211099020674645	0.2286742034943474
0.24197933659597606	0.2286742034943474
0.24239130434782608	0.22918807810894143
0.242802824551874	0.22970195272353547
0.24267100977198697	0.22970195272353547
0.24253933803581118	0.22970195272353547
0.24240780911062906	0.22970195272353547
0.24281842818428184	0.2302158273381295
0.24268689057421453	0.2302158273381295
0.2425554953979426	0.2302158273381295
0.24242424242424243	0.2302158273381295
0.24229313142239048	0.2302158273381295
0.24216216216216216	0.2302158273381295
0.24203133441383037	0.2302158273381295
0.24244060475161988	0.23072970195272355
0.2423097679438748	0.23072970195272355
0.24217907227615965	0.23072970195272355
0.24204851752021564	0.23072970195272355
0.24245689655172414	0.2312435765673176
0.24232633279483037	0.2312435765673176
0.24219590958019377	0.2312435765673176
0.2420656266810113	0.2312435765673176
0.24193548387096775	0.2312435765673176
0.2418054809242343	0.2312435765673176
0.24167561761546724	0.2312435765673176
0.24154589371980675	0.2312435765673176
0.24141630901287553	0.2312435765673176
0.2418230563002681	0.2317574511819116
0.2422293676312969	0.23227132579650564
0.24209962506695232	0.23227132579650564
0.24250535331905781	0.23278520041109968
0.24291064740502943	0.23329907502569372
0.2427807486631016	0.23329907502569372
0.2426509887760556	0.23329907502569372
0.24252136752136752	0.23329907502569372
0.2423918846769888	0.23329907502569372
0.24226254002134473	0.23329907502569372
0.24213333333333334	0.23329907502569372
0.2420042643923241	0.23329907502569372
0.24187533297815664	0.23329907502569372
0.2417465388711395	0.23329907502569372
0.24161788185204897	0.23329907502569372
0.24148936170212765	0.23329907502569372
0.24136097820308347	0.23329907502569372
0.2412327311370882	0.23329907502569372
0.24110462028677643	0.23329907502569372
0.24097664543524416	0.23329907502569372
0.2413793103448276	0.23381294964028776
0.24125132555673381	0.23381294964028776
0.24112347641759407	0.23381294964028776
0.2409957627118644	0.23381294964028776
0.24086818422445738	0.23381294964028776
0.24074074074074073	0.23381294964028776
0.24061343204653624	0.23381294964028776
0.2404862579281184	0.23381294964028776
0.24035921817221342	0.23381294964028776
0.24076029567053855	0.2343268242548818
0.24063324538258576	0.2343268242548818
0.24050632911392406	0.2343268242548818
0.24037954665260938	0.2343268242548818
0.24025289778714437	0.2343268242548818
0.2401263823064771	0.2343268242548818
0.24	0.2343268242548818
0.23987375065754865	0.2343268242548818
0.23974763406940064	0.2343268242548818
0.2396216500262743	0.2343268242548818
0.23949579831932774	0.2343268242548818
0.23937007874015748	0.2343268242548818
0.2397691500524659	0.23484069886947584
0.23964341898269534	0.23484069886947584
0.23951781970649896	0.23484069886947584
0.2393923520167627	0.23484069886947584
0.23926701570680628	0.23484069886947584
0.239141810570382	0.23484069886947584
0.23901673640167365	0.23484069886947584
0.23889179299529534	0.23484069886947584
0.2387669801462905	0.23484069886947584
0.23864229765013054	0.23484069886947584
0.238517745302714	0.23484069886947584
0.23839332290036516	0.23484069886947584
0.23826903023983315	0.23484069886947584
0.23814486711829078	0.23484069886947584
0.23854166666666668	0.23535457348406988
0.23841749089016137	0.23535457348406988
0.23829344432882413	0.23535457348406988
0.23816952678107126	0.23535457348406988
0.23804573804573806	0.23535457348406988
0.23792207792207792	0.23535457348406988
0.23779854620976115	0.23535457348406988
0.2376751427088739	0.23535457348406988
0.237551867219917	0.23535457348406988
0.23742871954380507	0.23535457348406988
0.23730569948186528	0.23535457348406988
0.23718280683583634	0.23535457348406988
