1.0	0.02
1.0	0.04
1.0	0.06
1.0	0.08
1.0	0.1
1.0	0.12
1.0	0.14
1.0	0.16
1.0	0.18
1.0	0.2
1.0	0.22
1.0	0.24
1.0	0.26
1.0	0.28
1.0	0.3
1.0	0.32
1.0	0.34
1.0	0.36
1.0	0.38
1.0	0.4
1.0	0.42
1.0	0.44
1.0	0.46
1.0	0.48
1.0	0.5
1.0	0.52
1.0	0.54
1.0	0.56
1.0	0.58
1.0	0.6
1.0	0.62
1.0	0.64
1.0	0.66
1.0	0.68
1.0	0.7
1.0	0.72
0.972972972972973	0.72
0.9736842105263158	0.74
0.9487179487179487	0.74
0.925	0.74
0.9024390243902439	0.74
0.8809523809523809	0.74
0.8604651162790697	0.74
0.8409090909090909	0.74
0.8222222222222222	0.74
0.8043478260869565	0.74
0.7872340425531915	0.74
0.7708333333333334	0.74
0.7551020408163265	0.74
0.74	0.74
0.7254901960784313	0.74
0.7307692307692307	0.76
0.7358490566037735	0.78
0.7222222222222222	0.78
0.7272727272727273	0.8
0.7321428571428571	0.82
0.7192982456140351	0.82
0.7068965517241379	0.82
0.6949152542372882	0.82
0.6833333333333333	0.82
0.6721311475409836	0.82
0.6612903225806451	0.82
0.6507936507936508	0.82
0.640625	0.82
0.6307692307692307	0.82
0.6212121212121212	0.82
0.6119402985074627	0.82
0.6029411764705882	0.82
0.5942028985507246	0.82
0.5857142857142857	0.82
0.5774647887323944	0.82
0.5694444444444444	0.82
0.5616438356164384	0.82
0.5540540540540541	0.82
0.5466666666666666	0.82
0.5394736842105263	0.82
0.5324675324675324	0.82
0.5256410256410257	0.82
0.5189873417721519	0.82
0.5125	0.82
0.5061728395061729	0.82
0.5	0.82
0.4939759036144578	0.82
0.4880952380952381	0.82
0.4823529411764706	0.82
0.47674418604651164	0.82
0.47126436781609193	0.82
0.4659090909090909	0.82
0.4606741573033708	0.82
0.45555555555555555	0.82
0.45054945054945056	0.82
0.45652173913043476	0.84
0.45161290322580644	0.84
0.44680851063829785	0.84
0.45263157894736844	0.86
0.4479166666666667	0.86
0.44329896907216493	0.86
0.4387755102040816	0.86
0.43434343434343436	0.86
0.43	0.86
