0.0	0.0
0.5	0.025
0.6666666666666666	0.05
0.5	0.05
0.4	0.05
0.5	0.075
0.5714285714285714	0.1
0.625	0.125
0.6666666666666666	0.15
0.6	0.15
0.6363636363636364	0.175
0.5833333333333334	0.175
0.5384615384615384	0.175
0.5	0.175
0.4666666666666667	0.175
0.4375	0.175
0.4117647058823529	0.175
0.3888888888888889	0.175
0.3684210526315789	0.175
0.35	0.175
0.3333333333333333	0.175
0.3181818181818182	0.175
0.30434782608695654	0.175
0.2916666666666667	0.175
0.32	0.2
0.34615384615384615	0.225
0.3333333333333333	0.225
0.32142857142857145	0.225
0.3103448275862069	0.225
0.3	0.225
0.2903225806451613	0.225
0.28125	0.225
0.2727272727272727	0.225
0.2647058823529412	0.225
0.2571428571428571	0.225
0.25	0.225
0.24324324324324326	0.225
0.23684210526315788	0.225
0.23076923076923078	0.225
0.225	0.225
0.21951219512195122	0.225
0.21428571428571427	0.225
0.20930232558139536	0.225
0.20454545454545456	0.225
0.2	0.225
0.1956521739130435	0.225
0.19148936170212766	0.225
0.1875	0.225
0.1836734693877551	0.225
0.18	0.225
0.17647058823529413	0.225
0.17307692307692307	0.225
0.16981132075471697	0.225
0.16666666666666666	0.225
0.16363636363636364	0.225
0.16071428571428573	0.225
0.15789473684210525	0.225
0.15517241379310345	0.225
0.15254237288135594	0.225
0.15	0.225
0.14754098360655737	0.225
0.14516129032258066	0.225
0.14285714285714285	0.225
0.140625	0.225
0.13846153846153847	0.225
0.13636363636363635	0.225
0.13432835820895522	0.225
0.1323529411764706	0.225
0.14492753623188406	0.25
0.15714285714285714	0.275
0.15492957746478872	0.275
0.1527777777777778	0.275
0.1643835616438356	0.3
0.16216216216216217	0.3
0.16	0.3
0.15789473684210525	0.3
0.15584415584415584	0.3
0.15384615384615385	0.3
0.1518987341772152	0.3
0.15	0.3
0.14814814814814814	0.3
0.14634146341463414	0.3
0.14457831325301204	0.3
0.14285714285714285	0.3
0.1411764705882353	0.3
0.13953488372093023	0.3
0.13793103448275862	0.3
0.13636363636363635	0.3
0.1348314606741573	0.3
0.13333333333333333	0.3
0.13186813186813187	0.3
0.13043478260869565	0.3
0.12903225806451613	0.3
0.1276595744680851	0.3
0.12631578947368421	0.3
0.125	0.3
0.12371134020618557	0.3
0.12244897959183673	0.3
0.12121212121212122	0.3
