1.0	0.041666666666666664
1.0	0.08333333333333333
1.0	0.125
1.0	0.16666666666666666
1.0	0.20833333333333334
0.8333333333333334	0.20833333333333334
0.7142857142857143	0.20833333333333334
0.625	0.20833333333333334
0.5555555555555556	0.20833333333333334
0.5	0.20833333333333334
0.45454545454545453	0.20833333333333334
0.4166666666666667	0.20833333333333334
0.38461538461538464	0.20833333333333334
0.35714285714285715	0.20833333333333334
0.3333333333333333	0.20833333333333334
0.3125	0.20833333333333334
0.29411764705882354	0.20833333333333334
0.2777777777777778	0.20833333333333334
0.2631578947368421	0.20833333333333334
0.25	0.20833333333333334
0.23809523809523808	0.20833333333333334
0.22727272727272727	0.20833333333333334
0.21739130434782608	0.20833333333333334
0.25	0.25
0.24	0.25
0.23076923076923078	0.25
0.2222222222222222	0.25
0.21428571428571427	0.25
0.20689655172413793	0.25
0.2	0.25
