0.0	0.0
0.5	0.021739130434782608
0.6666666666666666	0.043478260869565216
0.75	0.06521739130434782
0.8	0.08695652173913043
0.6666666666666666	0.08695652173913043
0.5714285714285714	0.08695652173913043
0.625	0.10869565217391304
0.5555555555555556	0.10869565217391304
0.5	0.10869565217391304
0.45454545454545453	0.10869565217391304
0.4166666666666667	0.10869565217391304
0.46153846153846156	0.13043478260869565
0.5	0.15217391304347827
0.5333333333333333	0.17391304347826086
0.5	0.17391304347826086
0.5294117647058824	0.1956521739130435
0.5	0.1956521739130435
0.47368421052631576	0.1956521739130435
0.45	0.1956521739130435
0.47619047619047616	0.21739130434782608
0.5	0.2391304347826087
0.4782608695652174	0.2391304347826087
0.4583333333333333	0.2391304347826087
0.44	0.2391304347826087
0.4230769230769231	0.2391304347826087
0.4074074074074074	0.2391304347826087
0.42857142857142855	0.2608695652173913
0.41379310344827586	0.2608695652173913
0.4	0.2608695652173913
0.3870967741935484	0.2608695652173913
0.375	0.2608695652173913
0.36363636363636365	0.2608695652173913
0.38235294117647056	0.2826086956521739
0.4	0.30434782608695654
0.3888888888888889	0.30434782608695654
0.3783783783783784	0.30434782608695654
0.3684210526315789	0.30434782608695654
0.38461538461538464	0.32608695652173914
0.375	0.32608695652173914
0.3902439024390244	0.34782608695652173
0.38095238095238093	0.34782608695652173
0.37209302325581395	0.34782608695652173
0.36363636363636365	0.34782608695652173
0.37777777777777777	0.3695652173913043
0.3695652173913043	0.3695652173913043
0.3617021276595745	0.3695652173913043
0.3541666666666667	0.3695652173913043
0.3469387755102041	0.3695652173913043
0.34	0.3695652173913043
0.3333333333333333	0.3695652173913043
0.3269230769230769	0.3695652173913043
0.32075471698113206	0.3695652173913043
0.3148148148148148	0.3695652173913043
0.3090909090909091	0.3695652173913043
0.30357142857142855	0.3695652173913043
0.2982456140350877	0.3695652173913043
0.29310344827586204	0.3695652173913043
0.288135593220339	0.3695652173913043
0.2833333333333333	0.3695652173913043
0.2786885245901639	0.3695652173913043
0.2903225806451613	0.391304347826087
0.30158730158730157	0.41304347826086957
0.3125	0.43478260869565216
0.3230769230769231	0.45652173913043476
0.3333333333333333	0.4782608695652174
0.34328358208955223	0.5
0.35294117647058826	0.5217391304347826
0.36231884057971014	0.5434782608695652
0.35714285714285715	0.5434782608695652
0.352112676056338	0.5434782608695652
0.3472222222222222	0.5434782608695652
0.3424657534246575	0.5434782608695652
0.33783783783783783	0.5434782608695652
0.3333333333333333	0.5434782608695652
0.32894736842105265	0.5434782608695652
0.3246753246753247	0.5434782608695652
0.32051282051282054	0.5434782608695652
0.31645569620253167	0.5434782608695652
0.3125	0.5434782608695652
0.30864197530864196	0.5434782608695652
0.3048780487804878	0.5434782608695652
0.30120481927710846	0.5434782608695652
0.2976190476190476	0.5434782608695652
0.29411764705882354	0.5434782608695652
0.29069767441860467	0.5434782608695652
0.28735632183908044	0.5434782608695652
0.2840909090909091	0.5434782608695652
0.2808988764044944	0.5434782608695652
0.2777777777777778	0.5434782608695652
0.27472527472527475	0.5434782608695652
0.2717391304347826	0.5434782608695652
0.26881720430107525	0.5434782608695652
0.26595744680851063	0.5434782608695652
0.2631578947368421	0.5434782608695652
