1.0	0.037037037037037035
1.0	0.07407407407407407
0.6666666666666666	0.07407407407407407
0.75	0.1111111111111111
0.8	0.14814814814814814
0.6666666666666666	0.14814814814814814
0.5714285714285714	0.14814814814814814
0.5	0.14814814814814814
0.4444444444444444	0.14814814814814814
0.4	0.14814814814814814
0.45454545454545453	0.18518518518518517
0.4166666666666667	0.18518518518518517
0.46153846153846156	0.2222222222222222
0.5	0.25925925925925924
0.5333333333333333	0.2962962962962963
0.5	0.2962962962962963
0.47058823529411764	0.2962962962962963
0.4444444444444444	0.2962962962962963
0.42105263157894735	0.2962962962962963
0.45	0.3333333333333333
0.42857142857142855	0.3333333333333333
0.4090909090909091	0.3333333333333333
0.391304347826087	0.3333333333333333
0.4166666666666667	0.37037037037037035
0.44	0.4074074074074074
0.4230769230769231	0.4074074074074074
0.4074074074074074	0.4074074074074074
0.42857142857142855	0.4444444444444444
0.41379310344827586	0.4444444444444444
0.4	0.4444444444444444
0.3870967741935484	0.4444444444444444
0.375	0.4444444444444444
0.36363636363636365	0.4444444444444444
0.35294117647058826	0.4444444444444444
0.34285714285714286	0.4444444444444444
0.3333333333333333	0.4444444444444444
0.32432432432432434	0.4444444444444444
0.3157894736842105	0.4444444444444444
0.3076923076923077	0.4444444444444444
0.3	0.4444444444444444
0.2926829268292683	0.4444444444444444
0.2857142857142857	0.4444444444444444
0.3023255813953488	0.48148148148148145
0.29545454545454547	0.48148148148148145
0.28888888888888886	0.48148148148148145
0.2826086956521739	0.48148148148148145
0.2765957446808511	0.48148148148148145
0.2708333333333333	0.48148148148148145
0.2653061224489796	0.48148148148148145
0.26	0.48148148148148145
0.2549019607843137	0.48148148148148145
0.25	0.48148148148148145
0.24528301886792453	0.48148148148148145
0.24074074074074073	0.48148148148148145
0.23636363636363636	0.48148148148148145
0.23214285714285715	0.48148148148148145
0.22807017543859648	0.48148148148148145
0.22413793103448276	0.48148148148148145
0.22033898305084745	0.48148148148148145
0.21666666666666667	0.48148148148148145
0.21311475409836064	0.48148148148148145
0.22580645161290322	0.5185185185185185
0.2222222222222222	0.5185185185185185
0.21875	0.5185185185185185
0.2153846153846154	0.5185185185185185
0.21212121212121213	0.5185185185185185
0.208955223880597	0.5185185185185185
0.20588235294117646	0.5185185185185185
