1.0	0.06666666666666667
1.0	0.13333333333333333
1.0	0.2
0.75	0.2
0.6	0.2
0.6666666666666666	0.26666666666666666
0.7142857142857143	0.3333333333333333
0.75	0.4
0.6666666666666666	0.4
0.6	0.4
0.5454545454545454	0.4
0.5	0.4
0.46153846153846156	0.4
0.42857142857142855	0.4
0.4	0.4
0.375	0.4
0.35294117647058826	0.4
0.3333333333333333	0.4
0.3157894736842105	0.4
0.3	0.4
0.2857142857142857	0.4
0.2727272727272727	0.4
0.2608695652173913	0.4
0.25	0.4
0.24	0.4
0.23076923076923078	0.4
0.2222222222222222	0.4
0.21428571428571427	0.4
0.20689655172413793	0.4
0.2	0.4
0.1935483870967742	0.4
0.1875	0.4
0.18181818181818182	0.4
0.17647058823529413	0.4
0.17142857142857143	0.4
0.16666666666666666	0.4
0.16216216216216217	0.4
0.15789473684210525	0.4
0.15384615384615385	0.4
0.15	0.4
0.14634146341463414	0.4
0.14285714285714285	0.4
0.13953488372093023	0.4
0.13636363636363635	0.4
0.13333333333333333	0.4
0.13043478260869565	0.4
0.1276595744680851	0.4
0.125	0.4
0.12244897959183673	0.4
0.12	0.4
0.11764705882352941	0.4
0.11538461538461539	0.4
0.11320754716981132	0.4
0.1111111111111111	0.4
0.10909090909090909	0.4
0.10714285714285714	0.4
0.10526315789473684	0.4
0.10344827586206896	0.4
0.1016949152542373	0.4
0.1	0.4
0.09836065573770492	0.4
0.0967741935483871	0.4
0.09523809523809523	0.4
0.09375	0.4
0.09230769230769231	0.4
0.09090909090909091	0.4
0.08955223880597014	0.4
0.08823529411764706	0.4
