1.0	0.011235955056179775
1.0	0.02247191011235955
1.0	0.033707865168539325
1.0	0.0449438202247191
1.0	0.056179775280898875
1.0	0.06741573033707865
1.0	0.07865168539325842
1.0	0.0898876404494382
1.0	0.10112359550561797
1.0	0.11235955056179775
1.0	0.12359550561797752
1.0	0.1348314606741573
1.0	0.14606741573033707
1.0	0.15730337078651685
1.0	0.16853932584269662
1.0	0.1797752808988764
1.0	0.19101123595505617
1.0	0.20224719101123595
1.0	0.21348314606741572
1.0	0.2247191011235955
1.0	0.23595505617977527
1.0	0.24719101123595505
1.0	0.25842696629213485
1.0	0.2696629213483146
1.0	0.2808988764044944
1.0	0.29213483146067415
1.0	0.30337078651685395
0.9642857142857143	0.30337078651685395
0.9655172413793104	0.3146067415730337
0.9666666666666667	0.3258426966292135
0.967741935483871	0.33707865168539325
0.96875	0.34831460674157305
0.9393939393939394	0.34831460674157305
0.9117647058823529	0.34831460674157305
0.8857142857142857	0.34831460674157305
0.8611111111111112	0.34831460674157305
0.8378378378378378	0.34831460674157305
0.8157894736842105	0.34831460674157305
0.7948717948717948	0.34831460674157305
0.775	0.34831460674157305
0.7560975609756098	0.34831460674157305
0.7380952380952381	0.34831460674157305
0.7209302325581395	0.34831460674157305
0.7045454545454546	0.34831460674157305
0.6888888888888889	0.34831460674157305
0.6739130434782609	0.34831460674157305
0.6595744680851063	0.34831460674157305
0.6458333333333334	0.34831460674157305
0.6326530612244898	0.34831460674157305
0.62	0.34831460674157305
0.6078431372549019	0.34831460674157305
0.5961538461538461	0.34831460674157305
0.5849056603773585	0.34831460674157305
0.5740740740740741	0.34831460674157305
0.5818181818181818	0.3595505617977528
0.5714285714285714	0.3595505617977528
0.5614035087719298	0.3595505617977528
0.5517241379310345	0.3595505617977528
0.5423728813559322	0.3595505617977528
0.5333333333333333	0.3595505617977528
0.5245901639344263	0.3595505617977528
0.5161290322580645	0.3595505617977528
0.5079365079365079	0.3595505617977528
0.5	0.3595505617977528
0.49230769230769234	0.3595505617977528
0.48484848484848486	0.3595505617977528
0.47761194029850745	0.3595505617977528
0.47058823529411764	0.3595505617977528
0.463768115942029	0.3595505617977528
0.45714285714285713	0.3595505617977528
0.4507042253521127	0.3595505617977528
0.4444444444444444	0.3595505617977528
0.4383561643835616	0.3595505617977528
0.43243243243243246	0.3595505617977528
0.4266666666666667	0.3595505617977528
0.4342105263157895	0.3707865168539326
0.44155844155844154	0.38202247191011235
0.4358974358974359	0.38202247191011235
0.43037974683544306	0.38202247191011235
0.425	0.38202247191011235
0.41975308641975306	0.38202247191011235
0.4146341463414634	0.38202247191011235
0.40963855421686746	0.38202247191011235
0.40476190476190477	0.38202247191011235
0.4	0.38202247191011235
0.3953488372093023	0.38202247191011235
0.39080459770114945	0.38202247191011235
0.38636363636363635	0.38202247191011235
0.38202247191011235	0.38202247191011235
0.37777777777777777	0.38202247191011235
0.37362637362637363	0.38202247191011235
0.3695652173913043	0.38202247191011235
0.3655913978494624	0.38202247191011235
0.3617021276595745	0.38202247191011235
0.35789473684210527	0.38202247191011235
0.3541666666666667	0.38202247191011235
0.35051546391752575	0.38202247191011235
0.3469387755102041	0.38202247191011235
0.3434343434343434	0.38202247191011235
0.34	0.38202247191011235
