1.0	0.0031847133757961785
1.0	0.006369426751592357
1.0	0.009554140127388535
1.0	0.012738853503184714
1.0	0.01592356687898089
1.0	0.01910828025477707
1.0	0.022292993630573247
1.0	0.025477707006369428
1.0	0.028662420382165606
1.0	0.03184713375796178
1.0	0.03503184713375796
1.0	0.03821656050955414
1.0	0.041401273885350316
1.0	0.044585987261146494
0.9333333333333333	0.044585987261146494
0.9375	0.04777070063694268
0.9411764705882353	0.050955414012738856
0.9444444444444444	0.054140127388535034
0.9473684210526315	0.05732484076433121
0.95	0.06050955414012739
0.9523809523809523	0.06369426751592357
0.9545454545454546	0.06687898089171974
0.9565217391304348	0.07006369426751592
0.9583333333333334	0.0732484076433121
0.96	0.07643312101910828
0.9615384615384616	0.07961783439490445
0.9629629629629629	0.08280254777070063
0.9642857142857143	0.08598726114649681
0.9655172413793104	0.08917197452229299
0.9333333333333333	0.08917197452229299
0.9032258064516129	0.08917197452229299
0.875	0.08917197452229299
0.8484848484848485	0.08917197452229299
0.8235294117647058	0.08917197452229299
0.8	0.08917197452229299
0.7777777777777778	0.08917197452229299
0.7567567567567568	0.08917197452229299
0.7631578947368421	0.09235668789808917
0.7692307692307693	0.09554140127388536
0.775	0.09872611464968153
0.7560975609756098	0.09872611464968153
0.7619047619047619	0.10191082802547771
0.7674418604651163	0.10509554140127389
0.7727272727272727	0.10828025477707007
0.7777777777777778	0.11146496815286625
0.782608695652174	0.11464968152866242
0.7659574468085106	0.11464968152866242
0.75	0.11464968152866242
0.7346938775510204	0.11464968152866242
0.74	0.1178343949044586
0.7450980392156863	0.12101910828025478
0.75	0.12420382165605096
0.7547169811320755	0.12738853503184713
0.7592592592592593	0.1305732484076433
0.7636363636363637	0.1337579617834395
0.75	0.1337579617834395
0.7543859649122807	0.13694267515923567
0.7586206896551724	0.14012738853503184
0.7627118644067796	0.14331210191082802
0.7666666666666667	0.1464968152866242
0.7704918032786885	0.14968152866242038
0.7741935483870968	0.15286624203821655
0.7777777777777778	0.15605095541401273
0.78125	0.1592356687898089
0.7692307692307693	0.1592356687898089
0.7727272727272727	0.1624203821656051
0.7761194029850746	0.16560509554140126
0.7794117647058824	0.16878980891719744
0.782608695652174	0.17197452229299362
0.7857142857142857	0.1751592356687898
0.7746478873239436	0.1751592356687898
0.7777777777777778	0.17834394904458598
0.7808219178082192	0.18152866242038215
0.7837837837837838	0.18471337579617833
0.7866666666666666	0.18789808917197454
0.7894736842105263	0.1910828025477707
0.7922077922077922	0.1942675159235669
0.7948717948717948	0.19745222929936307
0.7848101265822784	0.19745222929936307
0.7875	0.20063694267515925
0.7901234567901234	0.20382165605095542
0.7804878048780488	0.20382165605095542
0.7710843373493976	0.20382165605095542
0.7738095238095238	0.2070063694267516
0.7764705882352941	0.21019108280254778
0.7790697674418605	0.21337579617834396
0.7816091954022989	0.21656050955414013
0.7840909090909091	0.2197452229299363
0.7865168539325843	0.2229299363057325
0.7888888888888889	0.22611464968152867
0.7912087912087912	0.22929936305732485
0.7934782608695652	0.23248407643312102
0.7956989247311828	0.2356687898089172
0.7978723404255319	0.23885350318471338
0.8	0.24203821656050956
0.8020833333333334	0.24522292993630573
0.8041237113402062	0.2484076433121019
0.8061224489795918	0.2515923566878981
0.797979797979798	0.2515923566878981
0.79	0.2515923566878981
0.7821782178217822	0.2515923566878981
0.7745098039215687	0.2515923566878981
0.7766990291262136	0.25477707006369427
0.7788461538461539	0.25796178343949044
0.780952380952381	0.2611464968152866
0.7830188679245284	0.2643312101910828
0.7850467289719626	0.267515923566879
0.7870370370370371	0.27070063694267515
0.7889908256880734	0.27388535031847133
0.7909090909090909	0.2770700636942675
0.7927927927927928	0.2802547770700637
0.7857142857142857	0.2802547770700637
0.7876106194690266	0.28343949044585987
0.7894736842105263	0.28662420382165604
0.782608695652174	0.28662420382165604
0.7758620689655172	0.28662420382165604
0.7777777777777778	0.2898089171974522
0.7796610169491526	0.2929936305732484
0.7815126050420168	0.2961783439490446
0.7833333333333333	0.29936305732484075
0.7851239669421488	0.30254777070063693
0.7868852459016393	0.3057324840764331
0.7804878048780488	0.3057324840764331
0.7741935483870968	0.3057324840764331
0.776	0.3089171974522293
0.7698412698412699	0.3089171974522293
0.7637795275590551	0.3089171974522293
0.7578125	0.3089171974522293
0.7596899224806202	0.31210191082802546
0.7615384615384615	0.31528662420382164
0.7633587786259542	0.3184713375796178
0.7575757575757576	0.3184713375796178
0.7593984962406015	0.321656050955414
0.7611940298507462	0.3248407643312102
0.762962962962963	0.32802547770700635
0.7573529411764706	0.32802547770700635
0.7518248175182481	0.32802547770700635
0.7463768115942029	0.32802547770700635
0.7410071942446043	0.32802547770700635
0.7357142857142858	0.32802547770700635
0.7375886524822695	0.33121019108280253
0.7394366197183099	0.3343949044585987
0.7412587412587412	0.3375796178343949
0.7430555555555556	0.34076433121019106
0.7379310344827587	0.34076433121019106
0.7328767123287672	0.34076433121019106
0.7346938775510204	0.34394904458598724
0.7297297297297297	0.34394904458598724
0.7248322147651006	0.34394904458598724
0.7266666666666667	0.3471337579617834
0.7218543046357616	0.3471337579617834
0.7171052631578947	0.3471337579617834
0.7189542483660131	0.3503184713375796
0.7207792207792207	0.3535031847133758
0.7225806451612903	0.35668789808917195
0.717948717948718	0.35668789808917195
0.7133757961783439	0.35668789808917195
0.7151898734177216	0.35987261146496813
0.7169811320754716	0.3630573248407643
0.7125	0.3630573248407643
0.7142857142857143	0.3662420382165605
0.7098765432098766	0.3662420382165605
0.7116564417177914	0.36942675159235666
0.7134146341463414	0.37261146496815284
0.7090909090909091	0.37261146496815284
0.7108433734939759	0.37579617834394907
0.7065868263473054	0.37579617834394907
0.7023809523809523	0.37579617834394907
0.7041420118343196	0.37898089171974525
0.7058823529411765	0.3821656050955414
0.7076023391812866	0.3853503184713376
0.7093023255813954	0.3885350318471338
0.7109826589595376	0.39171974522292996
0.7068965517241379	0.39171974522292996
0.7085714285714285	0.39490445859872614
0.7045454545454546	0.39490445859872614
0.7005649717514124	0.39490445859872614
0.702247191011236	0.3980891719745223
0.7039106145251397	0.4012738853503185
0.7055555555555556	0.40445859872611467
0.7016574585635359	0.40445859872611467
0.7032967032967034	0.40764331210191085
0.6994535519125683	0.40764331210191085
0.6956521739130435	0.40764331210191085
0.6972972972972973	0.410828025477707
0.6935483870967742	0.410828025477707
0.6898395721925134	0.410828025477707
0.6861702127659575	0.410828025477707
0.6878306878306878	0.4140127388535032
0.6842105263157895	0.4140127388535032
0.6858638743455497	0.4171974522292994
0.6875	0.42038216560509556
0.689119170984456	0.42356687898089174
0.6855670103092784	0.42356687898089174
0.6871794871794872	0.4267515923566879
0.6836734693877551	0.4267515923566879
0.6852791878172588	0.4299363057324841
0.6868686868686869	0.43312101910828027
0.6884422110552764	0.43630573248407645
0.685	0.43630573248407645
0.6865671641791045	0.4394904458598726
0.6881188118811881	0.4426751592356688
0.6847290640394089	0.4426751592356688
0.6813725490196079	0.4426751592356688
0.6780487804878049	0.4426751592356688
0.6747572815533981	0.4426751592356688
0.6714975845410628	0.4426751592356688
0.6682692307692307	0.4426751592356688
0.6698564593301436	0.445859872611465
0.6714285714285714	0.44904458598726116
0.6729857819905213	0.45222929936305734
0.6745283018867925	0.4554140127388535
0.6713615023474179	0.4554140127388535
0.6682242990654206	0.4554140127388535
0.6697674418604651	0.4585987261146497
0.6666666666666666	0.4585987261146497
0.663594470046083	0.4585987261146497
0.6605504587155964	0.4585987261146497
0.6575342465753424	0.4585987261146497
0.6545454545454545	0.4585987261146497
0.6561085972850679	0.46178343949044587
0.6531531531531531	0.46178343949044587
0.6547085201793722	0.46496815286624205
0.65625	0.4681528662420382
0.6533333333333333	0.4681528662420382
0.6548672566371682	0.4713375796178344
0.6519823788546255	0.4713375796178344
0.6535087719298246	0.4745222929936306
0.6550218340611353	0.47770700636942676
0.6521739130434783	0.47770700636942676
0.6493506493506493	0.47770700636942676
0.646551724137931	0.47770700636942676
0.6437768240343348	0.47770700636942676
0.6452991452991453	0.48089171974522293
0.6468085106382979	0.4840764331210191
0.6440677966101694	0.4840764331210191
0.6455696202531646	0.4872611464968153
0.6470588235294118	0.49044585987261147
0.6485355648535565	0.49363057324840764
0.65	0.4968152866242038
0.6514522821576764	0.5
0.6528925619834711	0.5031847133757962
0.6502057613168725	0.5031847133757962
0.6475409836065574	0.5031847133757962
0.6489795918367347	0.5063694267515924
0.6504065040650406	0.5095541401273885
0.6518218623481782	0.5127388535031847
0.6532258064516129	0.5159235668789809
0.6506024096385542	0.5159235668789809
0.652	0.5191082802547771
0.649402390438247	0.5191082802547771
0.6468253968253969	0.5191082802547771
0.6482213438735178	0.5222929936305732
0.6456692913385826	0.5222929936305732
0.6431372549019608	0.5222929936305732
0.640625	0.5222929936305732
0.6381322957198443	0.5222929936305732
0.6356589147286822	0.5222929936305732
0.6332046332046332	0.5222929936305732
0.6307692307692307	0.5222929936305732
0.632183908045977	0.5254777070063694
0.6297709923664122	0.5254777070063694
0.6273764258555133	0.5254777070063694
0.6287878787878788	0.5286624203821656
0.6264150943396226	0.5286624203821656
0.6240601503759399	0.5286624203821656
0.6254681647940075	0.5318471337579618
0.6268656716417911	0.535031847133758
0.6245353159851301	0.535031847133758
0.6259259259259259	0.5382165605095541
0.6273062730627307	0.5414012738853503
0.6286764705882353	0.5445859872611465
0.6263736263736264	0.5445859872611465
0.6277372262773723	0.5477707006369427
0.6254545454545455	0.5477707006369427
0.6231884057971014	0.5477707006369427
0.6209386281588448	0.5477707006369427
0.6187050359712231	0.5477707006369427
0.6200716845878136	0.5509554140127388
0.6214285714285714	0.554140127388535
0.6192170818505338	0.554140127388535
0.6170212765957447	0.554140127388535
0.6148409893992933	0.554140127388535
0.6161971830985915	0.5573248407643312
0.6175438596491228	0.5605095541401274
0.6188811188811189	0.5636942675159236
0.6167247386759582	0.5636942675159236
0.6145833333333334	0.5636942675159236
0.6124567474048442	0.5636942675159236
0.6103448275862069	0.5636942675159236
0.6082474226804123	0.5636942675159236
0.6061643835616438	0.5636942675159236
0.6040955631399317	0.5636942675159236
0.6054421768707483	0.5668789808917197
0.6033898305084746	0.5668789808917197
0.6047297297297297	0.5700636942675159
0.6060606060606061	0.5732484076433121
0.6040268456375839	0.5732484076433121
0.6053511705685619	0.5764331210191083
0.6066666666666667	0.5796178343949044
0.6046511627906976	0.5796178343949044
0.6026490066225165	0.5796178343949044
0.6006600660066007	0.5796178343949044
0.6019736842105263	0.5828025477707006
0.6032786885245902	0.5859872611464968
0.6013071895424836	0.5859872611464968
0.6026058631921825	0.589171974522293
0.6038961038961039	0.5923566878980892
0.6019417475728155	0.5923566878980892
0.603225806451613	0.5955414012738853
0.6012861736334405	0.5955414012738853
0.5993589743589743	0.5955414012738853
0.597444089456869	0.5955414012738853
0.5955414012738853	0.5955414012738853
0.5936507936507937	0.5955414012738853
0.5917721518987342	0.5955414012738853
0.5899053627760252	0.5955414012738853
0.5880503144654088	0.5955414012738853
0.5862068965517241	0.5955414012738853
0.584375	0.5955414012738853
0.5856697819314641	0.5987261146496815
0.5838509316770186	0.5987261146496815
0.5820433436532507	0.5987261146496815
0.5802469135802469	0.5987261146496815
0.5815384615384616	0.6019108280254777
0.5797546012269938	0.6019108280254777
0.5779816513761468	0.6019108280254777
0.5762195121951219	0.6019108280254777
0.574468085106383	0.6019108280254777
0.5757575757575758	0.6050955414012739
0.5740181268882175	0.6050955414012739
0.572289156626506	0.6050955414012739
0.5705705705705706	0.6050955414012739
0.5688622754491018	0.6050955414012739
0.5671641791044776	0.6050955414012739
0.5684523809523809	0.60828025477707
0.56973293768546	0.6114649681528662
0.5680473372781065	0.6114649681528662
0.5663716814159292	0.6114649681528662
0.5676470588235294	0.6146496815286624
0.5659824046920822	0.6146496815286624
0.5672514619883041	0.6178343949044586
0.5685131195335277	0.6210191082802548
0.5697674418604651	0.6242038216560509
0.5681159420289855	0.6242038216560509
0.569364161849711	0.6273885350318471
0.5677233429394812	0.6273885350318471
0.5660919540229885	0.6273885350318471
0.5673352435530086	0.6305732484076433
0.5657142857142857	0.6305732484076433
0.5641025641025641	0.6305732484076433
0.5625	0.6305732484076433
0.5609065155807366	0.6305732484076433
0.559322033898305	0.6305732484076433
0.5605633802816902	0.6337579617834395
0.5589887640449438	0.6337579617834395
0.5574229691876751	0.6337579617834395
0.5558659217877095	0.6337579617834395
0.5543175487465181	0.6337579617834395
0.5527777777777778	0.6337579617834395
0.5512465373961218	0.6337579617834395
0.5497237569060773	0.6337579617834395
0.5482093663911846	0.6337579617834395
0.5467032967032966	0.6337579617834395
0.5452054794520548	0.6337579617834395
0.5437158469945356	0.6337579617834395
0.5422343324250681	0.6337579617834395
0.5407608695652174	0.6337579617834395
0.5392953929539296	0.6337579617834395
0.5378378378378378	0.6337579617834395
0.5363881401617251	0.6337579617834395
0.5349462365591398	0.6337579617834395
0.5335120643431636	0.6337579617834395
0.5320855614973262	0.6337579617834395
0.5306666666666666	0.6337579617834395
0.5292553191489362	0.6337579617834395
0.5278514588859416	0.6337579617834395
0.5264550264550265	0.6337579617834395
0.525065963060686	0.6337579617834395
0.5236842105263158	0.6337579617834395
0.5223097112860893	0.6337579617834395
0.5209424083769634	0.6337579617834395
0.5195822454308094	0.6337579617834395
0.5182291666666666	0.6337579617834395
0.5194805194805194	0.6369426751592356
0.5181347150259067	0.6369426751592356
0.5167958656330749	0.6369426751592356
0.5154639175257731	0.6369426751592356
0.5167095115681234	0.6401273885350318
0.5153846153846153	0.6401273885350318
0.5140664961636828	0.6401273885350318
0.5127551020408163	0.6401273885350318
0.5114503816793893	0.6401273885350318
0.5101522842639594	0.6401273885350318
0.5088607594936709	0.6401273885350318
0.5075757575757576	0.6401273885350318
0.5062972292191436	0.6401273885350318
0.5050251256281407	0.6401273885350318
0.5037593984962406	0.6401273885350318
0.5025	0.6401273885350318
0.5012468827930174	0.6401273885350318
0.5	0.6401273885350318
0.4987593052109181	0.6401273885350318
0.4975247524752475	0.6401273885350318
0.49876543209876545	0.643312101910828
0.5	0.6464968152866242
0.4987714987714988	0.6464968152866242
0.5	0.6496815286624203
0.5012224938875306	0.6528662420382165
0.5	0.6528662420382165
0.49878345498783455	0.6528662420382165
0.4975728155339806	0.6528662420382165
0.4963680387409201	0.6528662420382165
0.49516908212560384	0.6528662420382165
0.4963855421686747	0.6560509554140127
0.4951923076923077	0.6560509554140127
0.4940047961630695	0.6560509554140127
0.49282296650717705	0.6560509554140127
0.4916467780429594	0.6560509554140127
0.49047619047619045	0.6560509554140127
0.48931116389548696	0.6560509554140127
0.4881516587677725	0.6560509554140127
0.48699763593380613	0.6560509554140127
0.4858490566037736	0.6560509554140127
0.48705882352941177	0.6592356687898089
0.4859154929577465	0.6592356687898089
0.4847775175644028	0.6592356687898089
0.48598130841121495	0.6624203821656051
0.48484848484848486	0.6624203821656051
0.48372093023255813	0.6624203821656051
0.48259860788863107	0.6624203821656051
0.4837962962962963	0.6656050955414012
0.48267898383371827	0.6656050955414012
0.4815668202764977	0.6656050955414012
0.4804597701149425	0.6656050955414012
0.4793577981651376	0.6656050955414012
0.4782608695652174	0.6656050955414012
0.4771689497716895	0.6656050955414012
0.4760820045558087	0.6656050955414012
0.4772727272727273	0.6687898089171974
0.47619047619047616	0.6687898089171974
0.47737556561085975	0.6719745222929936
0.4762979683972912	0.6719745222929936
0.4752252252252252	0.6719745222929936
0.47415730337078654	0.6719745222929936
0.4730941704035874	0.6719745222929936
0.4720357941834452	0.6719745222929936
0.47098214285714285	0.6719745222929936
0.46993318485523383	0.6719745222929936
0.4711111111111111	0.6751592356687898
0.4700665188470067	0.6751592356687898
0.4690265486725664	0.6751592356687898
0.46799116997792495	0.6751592356687898
0.4669603524229075	0.6751592356687898
0.46593406593406594	0.6751592356687898
0.4649122807017544	0.6751592356687898
0.4638949671772429	0.6751592356687898
0.462882096069869	0.6751592356687898
0.46187363834422657	0.6751592356687898
0.4608695652173913	0.6751592356687898
0.46203904555314534	0.678343949044586
0.461038961038961	0.678343949044586
0.46004319654427644	0.678343949044586
0.45905172413793105	0.678343949044586
0.45806451612903226	0.678343949044586
0.4592274678111588	0.6815286624203821
0.4603854389721627	0.6847133757961783
0.4594017094017094	0.6847133757961783
0.4584221748400853	0.6847133757961783
0.4595744680851064	0.6878980891719745
0.4585987261146497	0.6878980891719745
0.4597457627118644	0.6910828025477707
0.4587737843551797	0.6910828025477707
0.4578059071729958	0.6910828025477707
0.4568421052631579	0.6910828025477707
0.45588235294117646	0.6910828025477707
0.4549266247379455	0.6910828025477707
0.45397489539748953	0.6910828025477707
0.453027139874739	0.6910828025477707
0.45208333333333334	0.6910828025477707
0.45114345114345117	0.6910828025477707
0.45228215767634855	0.6942675159235668
0.45134575569358176	0.6942675159235668
0.45041322314049587	0.6942675159235668
0.44948453608247424	0.6942675159235668
0.448559670781893	0.6942675159235668
0.44763860369609854	0.6942675159235668
0.44672131147540983	0.6942675159235668
0.4458077709611452	0.6942675159235668
0.4448979591836735	0.6942675159235668
0.4439918533604888	0.6942675159235668
0.44308943089430897	0.6942675159235668
0.4421906693711968	0.6942675159235668
0.44129554655870445	0.6942675159235668
0.4404040404040404	0.6942675159235668
0.43951612903225806	0.6942675159235668
0.4386317907444668	0.6942675159235668
0.43775100401606426	0.6942675159235668
0.43687374749499	0.6942675159235668
0.436	0.6942675159235668
0.4351297405189621	0.6942675159235668
0.4362549800796813	0.697452229299363
0.43538767395626243	0.697452229299363
0.43452380952380953	0.697452229299363
0.43366336633663366	0.697452229299363
0.43280632411067194	0.697452229299363
0.4319526627218935	0.697452229299363
0.4311023622047244	0.697452229299363
0.4302554027504912	0.697452229299363
0.4294117647058823	0.697452229299363
0.42857142857142855	0.697452229299363
0.427734375	0.697452229299363
0.4269005847953216	0.697452229299363
0.4260700389105058	0.697452229299363
0.42524271844660194	0.697452229299363
0.42441860465116277	0.697452229299363
0.42359767891682787	0.697452229299363
0.42277992277992277	0.697452229299363
0.42196531791907516	0.697452229299363
0.42115384615384616	0.697452229299363
0.42034548944337813	0.697452229299363
0.421455938697318	0.7006369426751592
0.42065009560229444	0.7006369426751592
0.4198473282442748	0.7006369426751592
0.41904761904761906	0.7006369426751592
0.41825095057034223	0.7006369426751592
0.41935483870967744	0.7038216560509554
0.4185606060606061	0.7038216560509554
0.41776937618147447	0.7038216560509554
0.4188679245283019	0.7070063694267515
0.4180790960451977	0.7070063694267515
0.41729323308270677	0.7070063694267515
0.4165103189493433	0.7070063694267515
0.41760299625468167	0.7101910828025477
0.41682242990654206	0.7101910828025477
0.416044776119403	0.7101910828025477
0.41527001862197394	0.7101910828025477
0.4144981412639405	0.7101910828025477
0.4137291280148423	0.7101910828025477
0.412962962962963	0.7101910828025477
0.4121996303142329	0.7101910828025477
0.4114391143911439	0.7101910828025477
0.4106813996316759	0.7101910828025477
0.4099264705882353	0.7101910828025477
0.4091743119266055	0.7101910828025477
0.4084249084249084	0.7101910828025477
0.4076782449725777	0.7101910828025477
0.40693430656934304	0.7101910828025477
0.40619307832422585	0.7101910828025477
0.40545454545454546	0.7101910828025477
0.4047186932849365	0.7101910828025477
0.40398550724637683	0.7101910828025477
0.40325497287522605	0.7101910828025477
0.40252707581227437	0.7101910828025477
0.4018018018018018	0.7101910828025477
0.4010791366906475	0.7101910828025477
0.400359066427289	0.7101910828025477
0.3996415770609319	0.7101910828025477
0.39892665474060823	0.7101910828025477
0.3982142857142857	0.7101910828025477
0.39750445632798576	0.7101910828025477
0.39679715302491103	0.7101910828025477
0.3960923623445826	0.7101910828025477
0.3953900709219858	0.7101910828025477
0.39469026548672564	0.7101910828025477
0.39399293286219084	0.7101910828025477
0.3932980599647266	0.7101910828025477
0.3926056338028169	0.7101910828025477
0.39191564147627417	0.7101910828025477
0.3912280701754386	0.7101910828025477
0.3905429071803853	0.7101910828025477
0.38986013986013984	0.7101910828025477
0.38917975567190227	0.7101910828025477
0.3885017421602787	0.7101910828025477
0.38782608695652177	0.7101910828025477
0.3871527777777778	0.7101910828025477
0.38648180242634317	0.7101910828025477
0.38581314878892736	0.7101910828025477
0.385146804835924	0.7101910828025477
0.38448275862068965	0.7101910828025477
0.3838209982788296	0.7101910828025477
0.38316151202749144	0.7101910828025477
0.38421955403087477	0.7133757961783439
0.3835616438356164	0.7133757961783439
0.38290598290598293	0.7133757961783439
0.3822525597269625	0.7133757961783439
0.38160136286201024	0.7133757961783439
0.38095238095238093	0.7133757961783439
0.38030560271646857	0.7133757961783439
0.37966101694915255	0.7133757961783439
0.3790186125211506	0.7133757961783439
0.3783783783783784	0.7133757961783439
0.3777403035413153	0.7133757961783439
0.3771043771043771	0.7133757961783439
0.3764705882352941	0.7133757961783439
0.37583892617449666	0.7133757961783439
0.3768844221105528	0.7165605095541401
0.3762541806020067	0.7165605095541401
0.3756260434056761	0.7165605095541401
0.375	0.7165605095541401
0.37437603993344426	0.7165605095541401
0.37375415282392027	0.7165605095541401
0.373134328358209	0.7165605095541401
0.37251655629139074	0.7165605095541401
0.371900826446281	0.7165605095541401
0.3712871287128713	0.7165605095541401
0.37067545304777594	0.7165605095541401
0.37006578947368424	0.7165605095541401
0.3694581280788177	0.7165605095541401
0.36885245901639346	0.7165605095541401
0.36824877250409166	0.7165605095541401
0.36764705882352944	0.7165605095541401
0.367047308319739	0.7165605095541401
0.36644951140065146	0.7165605095541401
0.367479674796748	0.7197452229299363
0.36688311688311687	0.7197452229299363
0.3679092382495948	0.7229299363057324
0.3673139158576052	0.7229299363057324
0.3667205169628433	0.7229299363057324
0.36612903225806454	0.7229299363057324
0.36553945249597425	0.7229299363057324
0.364951768488746	0.7229299363057324
0.36436597110754415	0.7229299363057324
0.36378205128205127	0.7229299363057324
0.3648	0.7261146496815286
0.36421725239616615	0.7261146496815286
0.36363636363636365	0.7261146496815286
0.3630573248407643	0.7261146496815286
0.3624801271860095	0.7261146496815286
0.3619047619047619	0.7261146496815286
0.3613312202852615	0.7261146496815286
0.36075949367088606	0.7261146496815286
0.36018957345971564	0.7261146496815286
0.35962145110410093	0.7261146496815286
0.3590551181102362	0.7261146496815286
0.3584905660377358	0.7261146496815286
0.3579277864992151	0.7261146496815286
0.3573667711598746	0.7261146496815286
0.3568075117370892	0.7261146496815286
0.35625	0.7261146496815286
0.35569422776911075	0.7261146496815286
0.35514018691588783	0.7261146496815286
0.3545878693623639	0.7261146496815286
0.35403726708074534	0.7261146496815286
0.35348837209302325	0.7261146496815286
0.3544891640866873	0.7292993630573248
0.35394126738794435	0.7292993630573248
0.3533950617283951	0.7292993630573248
0.35285053929121724	0.7292993630573248
0.3523076923076923	0.7292993630573248
0.35176651305683565	0.7292993630573248
0.3512269938650307	0.7292993630573248
0.35068912710566613	0.7292993630573248
0.35015290519877673	0.7292993630573248
0.34961832061068704	0.7292993630573248
0.3490853658536585	0.7292993630573248
0.3485540334855403	0.7292993630573248
0.34802431610942247	0.7292993630573248
0.34749620637329287	0.7292993630573248
0.346969696969697	0.7292993630573248
0.3464447806354009	0.7292993630573248
0.3459214501510574	0.7292993630573248
0.3453996983408748	0.7292993630573248
0.3463855421686747	0.732484076433121
0.3458646616541353	0.732484076433121
0.34534534534534533	0.732484076433121
0.3448275862068966	0.732484076433121
0.344311377245509	0.732484076433121
0.34379671150971597	0.732484076433121
0.34328358208955223	0.732484076433121
0.34277198211624443	0.732484076433121
0.34375	0.7356687898089171
0.34323922734026746	0.7356687898089171
0.3427299703264095	0.7356687898089171
0.3422222222222222	0.7356687898089171
0.34171597633136097	0.7356687898089171
0.3412112259970458	0.7356687898089171
0.3407079646017699	0.7356687898089171
0.3402061855670103	0.7356687898089171
0.3397058823529412	0.7356687898089171
0.3406754772393539	0.7388535031847133
0.3416422287390029	0.7420382165605095
0.34260614934114203	0.7452229299363057
0.34210526315789475	0.7452229299363057
0.3416058394160584	0.7452229299363057
0.3425655976676385	0.7484076433121019
0.3420669577874818	0.7484076433121019
0.34156976744186046	0.7484076433121019
0.34107402031930334	0.7484076433121019
0.34057971014492755	0.7484076433121019
0.34008683068017365	0.7484076433121019
0.33959537572254334	0.7484076433121019
0.33910533910533913	0.7484076433121019
0.33861671469740634	0.7484076433121019
0.3381294964028777	0.7484076433121019
0.33764367816091956	0.7484076433121019
0.33715925394548063	0.7484076433121019
0.33810888252148996	0.7515923566878981
0.3376251788268956	0.7515923566878981
0.33714285714285713	0.7515923566878981
0.33666191155492153	0.7515923566878981
0.33618233618233617	0.7515923566878981
0.3357041251778094	0.7515923566878981
0.3352272727272727	0.7515923566878981
0.3347517730496454	0.7515923566878981
0.3342776203966006	0.7515923566878981
0.3338048090523338	0.7515923566878981
0.3333333333333333	0.7515923566878981
0.3328631875881523	0.7515923566878981
0.3323943661971831	0.7515923566878981
0.3319268635724332	0.7515923566878981
0.33146067415730335	0.7515923566878981
0.33099579242636745	0.7515923566878981
0.33053221288515405	0.7515923566878981
0.3300699300699301	0.7515923566878981
0.329608938547486	0.7515923566878981
0.3291492329149233	0.7515923566878981
0.3286908077994429	0.7515923566878981
0.3282336578581363	0.7515923566878981
0.3277777777777778	0.7515923566878981
0.3273231622746186	0.7515923566878981
0.3268698060941828	0.7515923566878981
0.326417704011065	0.7515923566878981
0.3259668508287293	0.7515923566878981
0.3255172413793103	0.7515923566878981
0.325068870523416	0.7515923566878981
0.3246217331499312	0.7515923566878981
0.3241758241758242	0.7515923566878981
0.32373113854595337	0.7515923566878981
0.3232876712328767	0.7515923566878981
0.3228454172366621	0.7515923566878981
0.3224043715846995	0.7515923566878981
0.3219645293315143	0.7515923566878981
0.3215258855585831	0.7515923566878981
0.32108843537414966	0.7515923566878981
0.32065217391304346	0.7515923566878981
0.3202170963364993	0.7515923566878981
0.31978319783197834	0.7515923566878981
0.3193504736129905	0.7515923566878981
0.31891891891891894	0.7515923566878981
0.3184885290148448	0.7515923566878981
0.31805929919137466	0.7515923566878981
0.31763122476446837	0.7515923566878981
0.3172043010752688	0.7515923566878981
0.3167785234899329	0.7515923566878981
0.3163538873994638	0.7515923566878981
0.31593038821954483	0.7515923566878981
0.3155080213903743	0.7515923566878981
0.315086782376502	0.7515923566878981
0.31466666666666665	0.7515923566878981
0.3155792276964048	0.7547770700636943
0.3151595744680851	0.7547770700636943
0.3147410358565737	0.7547770700636943
0.31432360742705573	0.7547770700636943
0.3152317880794702	0.7579617834394905
0.3148148148148148	0.7579617834394905
0.3143989431968296	0.7579617834394905
0.31398416886543534	0.7579617834394905
0.31357048748353095	0.7579617834394905
0.3131578947368421	0.7579617834394905
0.31274638633377133	0.7579617834394905
0.3123359580052493	0.7579617834394905
0.3119266055045872	0.7579617834394905
0.31151832460732987	0.7579617834394905
0.3111111111111111	0.7579617834394905
0.31070496083550914	0.7579617834394905
0.31029986962190353	0.7579617834394905
0.3098958333333333	0.7579617834394905
0.3094928478543563	0.7579617834394905
0.3090909090909091	0.7579617834394905
0.3086900129701686	0.7579617834394905
0.3082901554404145	0.7579617834394905
0.3078913324708926	0.7579617834394905
0.3087855297157623	0.7611464968152867
0.30838709677419357	0.7611464968152867
0.3079896907216495	0.7611464968152867
0.3075933075933076	0.7611464968152867
0.30719794344473006	0.7611464968152867
0.306803594351733	0.7611464968152867
0.30641025641025643	0.7611464968152867
0.3060179257362356	0.7611464968152867
0.30562659846547313	0.7611464968152867
0.3052362707535121	0.7611464968152867
0.30612244897959184	0.7643312101910829
0.3070063694267516	0.767515923566879
0.30661577608142493	0.767515923566879
0.3062261753494282	0.767515923566879
0.30583756345177665	0.767515923566879
0.30544993662864384	0.767515923566879
0.3050632911392405	0.767515923566879
0.30467762326169406	0.767515923566879
0.3042929292929293	0.767515923566879
0.30390920554854983	0.767515923566879
0.3035264483627204	0.767515923566879
0.3031446540880503	0.767515923566879
0.3027638190954774	0.767515923566879
0.30238393977415307	0.767515923566879
0.30200501253132833	0.767515923566879
0.3016270337922403	0.767515923566879
0.30125	0.767515923566879
0.30087390761548066	0.767515923566879
0.300498753117207	0.767515923566879
0.3001245330012453	0.767515923566879
0.2997512437810945	0.767515923566879
0.2993788819875776	0.767515923566879
0.2990074441687345	0.767515923566879
0.298636926889715	0.767515923566879
0.2995049504950495	0.7707006369426752
0.29913473423980225	0.7707006369426752
0.29876543209876544	0.7707006369426752
0.29839704069050554	0.7707006369426752
0.29802955665024633	0.7707006369426752
0.2976629766297663	0.7707006369426752
0.2972972972972973	0.7707006369426752
0.2969325153374233	0.7707006369426752
0.2965686274509804	0.7707006369426752
0.2962056303549572	0.7707006369426752
0.29584352078239606	0.7707006369426752
0.2954822954822955	0.7707006369426752
0.2951219512195122	0.7707006369426752
0.29476248477466505	0.7707006369426752
0.2944038929440389	0.7707006369426752
0.29404617253948967	0.7707006369426752
0.2936893203883495	0.7707006369426752
0.29333333333333333	0.7707006369426752
0.2929782082324455	0.7707006369426752
0.2926239419588875	0.7707006369426752
0.2922705314009662	0.7707006369426752
0.29191797346200243	0.7707006369426752
0.29156626506024097	0.7707006369426752
0.29121540312876054	0.7707006369426752
0.29086538461538464	0.7707006369426752
0.290516206482593	0.7707006369426752
0.290167865707434	0.7707006369426752
0.2898203592814371	0.7707006369426752
0.2894736842105263	0.7707006369426752
0.2891278375149343	0.7707006369426752
0.28878281622911695	0.7707006369426752
0.28843861740166865	0.7707006369426752
0.28809523809523807	0.7707006369426752
0.2877526753864447	0.7707006369426752
0.28741092636579574	0.7707006369426752
0.2870699881376038	0.7707006369426752
0.28672985781990523	0.7707006369426752
0.2863905325443787	0.7707006369426752
0.2860520094562648	0.7707006369426752
0.2857142857142857	0.7707006369426752
0.28537735849056606	0.7707006369426752
0.2850412249705536	0.7707006369426752
0.2847058823529412	0.7707006369426752
0.28437132784958874	0.7707006369426752
0.284037558685446	0.7707006369426752
0.283704572098476	0.7707006369426752
0.28337236533957844	0.7707006369426752
0.2830409356725146	0.7707006369426752
0.2827102803738318	0.7707006369426752
0.2823803967327888	0.7707006369426752
0.28205128205128205	0.7707006369426752
0.2817229336437718	0.7707006369426752
0.2813953488372093	0.7707006369426752
0.281068524970964	0.7707006369426752
0.28074245939675174	0.7707006369426752
0.28041714947856317	0.7707006369426752
0.2800925925925926	0.7707006369426752
0.27976878612716766	0.7707006369426752
0.279445727482679	0.7707006369426752
0.279123414071511	0.7707006369426752
0.27880184331797236	0.7707006369426752
0.27848101265822783	0.7707006369426752
0.27816091954022987	0.7707006369426752
0.27784156142365096	0.7707006369426752
0.2775229357798165	0.7707006369426752
0.27720504009163804	0.7707006369426752
0.2768878718535469	0.7707006369426752
0.2765714285714286	0.7707006369426752
0.2762557077625571	0.7707006369426752
0.2759407069555302	0.7707006369426752
0.275626423690205	0.7707006369426752
0.2753128555176337	0.7707006369426752
0.275	0.7707006369426752
0.2746878547105562	0.7707006369426752
0.2743764172335601	0.7707006369426752
0.2740656851642129	0.7707006369426752
0.2737556561085973	0.7707006369426752
0.2734463276836158	0.7707006369426752
0.27313769751693	0.7707006369426752
0.27282976324689967	0.7707006369426752
0.2725225225225225	0.7707006369426752
0.2722159730033746	0.7707006369426752
0.27191011235955054	0.7707006369426752
0.2716049382716049	0.7707006369426752
0.2713004484304933	0.7707006369426752
0.270996640537514	0.7707006369426752
0.27069351230425054	0.7707006369426752
0.27039106145251396	0.7707006369426752
0.2700892857142857	0.7707006369426752
0.2697881828316611	0.7707006369426752
0.26948775055679286	0.7707006369426752
0.26918798665183535	0.7707006369426752
0.2688888888888889	0.7707006369426752
0.2685904550499445	0.7707006369426752
0.2682926829268293	0.7707006369426752
0.26799557032115173	0.7707006369426752
0.2676991150442478	0.7707006369426752
0.2674033149171271	0.7707006369426752
0.2671081677704194	0.7707006369426752
0.26681367144432194	0.7707006369426752
0.2665198237885463	0.7707006369426752
0.2662266226622662	0.7707006369426752
0.26593406593406593	0.7707006369426752
0.265642151481888	0.7707006369426752
0.26535087719298245	0.7707006369426752
0.26506024096385544	0.7707006369426752
0.2647702407002188	0.7707006369426752
0.2644808743169399	0.7707006369426752
0.26419213973799127	0.7707006369426752
0.2639040348964013	0.7707006369426752
0.2636165577342048	0.7707006369426752
0.26332970620239393	0.7707006369426752
0.26304347826086955	0.7707006369426752
0.26275787187839306	0.7707006369426752
0.26247288503253796	0.7707006369426752
0.26218851570964247	0.7707006369426752
0.2619047619047619	0.7707006369426752
0.2616216216216216	0.7707006369426752
0.2613390928725702	0.7707006369426752
0.26105717367853293	0.7707006369426752
0.2607758620689655	0.7707006369426752
0.2604951560818084	0.7707006369426752
0.26021505376344084	0.7707006369426752
0.25993555316863587	0.7707006369426752
0.259656652360515	0.7707006369426752
0.25937834941050375	0.7707006369426752
0.25910064239828695	0.7707006369426752
0.25989304812834224	0.7738853503184714
0.25961538461538464	0.7738853503184714
0.25933831376734257	0.7738853503184714
0.25906183368869934	0.7738853503184714
0.25878594249201275	0.7738853503184714
0.25851063829787235	0.7738853503184714
0.25823591923485656	0.7738853503184714
0.25796178343949044	0.7738853503184714
0.2576882290562036	0.7738853503184714
0.2574152542372881	0.7738853503184714
0.2571428571428571	0.7738853503184714
0.2568710359408034	0.7738853503184714
0.2565997888067582	0.7738853503184714
0.2563291139240506	0.7738853503184714
0.256059009483667	0.7738853503184714
0.2557894736842105	0.7738853503184714
0.2555205047318612	0.7738853503184714
0.2552521008403361	0.7738853503184714
0.25498426023084997	0.7738853503184714
0.25471698113207547	0.7738853503184714
0.2544502617801047	0.7738853503184714
0.25418410041841005	0.7738853503184714
0.25391849529780564	0.7738853503184714
0.2536534446764092	0.7738853503184714
0.2533889468196038	0.7738853503184714
0.253125	0.7738853503184714
0.25286160249739853	0.7738853503184714
0.25363825363825365	0.7770700636942676
0.2533748701973001	0.7770700636942676
0.25311203319502074	0.7770700636942676
0.2528497409326425	0.7770700636942676
0.2536231884057971	0.7802547770700637
0.2533609100310238	0.7802547770700637
0.253099173553719	0.7802547770700637
0.2528379772961816	0.7802547770700637
0.2536082474226804	0.7834394904458599
0.25437693099897013	0.7866242038216561
0.2551440329218107	0.7898089171974523
0.25488180883864336	0.7898089171974523
0.2546201232032854	0.7898089171974523
0.25435897435897437	0.7898089171974523
0.2540983606557377	0.7898089171974523
0.2538382804503582	0.7898089171974523
0.25357873210633947	0.7898089171974523
0.2533197139938713	0.7898089171974523
0.2530612244897959	0.7898089171974523
0.2528032619775739	0.7898089171974523
0.2525458248472505	0.7898089171974523
0.25228891149542215	0.7898089171974523
0.25203252032520324	0.7898089171974523
0.2517766497461929	0.7898089171974523
0.2515212981744422	0.7898089171974523
0.2512664640324215	0.7898089171974523
0.25101214574898784	0.7898089171974523
0.25075834175935285	0.7898089171974523
0.2505050505050505	0.7898089171974523
0.25025227043390513	0.7898089171974523
0.25	0.7898089171974523
0.2497482376636455	0.7898089171974523
0.24949698189134809	0.7898089171974523
0.2492462311557789	0.7898089171974523
0.24899598393574296	0.7898089171974523
0.24874623871614845	0.7898089171974523
0.24949899799599198	0.7929936305732485
0.24924924924924924	0.7929936305732485
0.249	0.7929936305732485
0.24875124875124874	0.7929936305732485
0.24850299401197604	0.7929936305732485
0.24825523429710866	0.7929936305732485
