0.0	0.0
0.5	0.016666666666666666
0.6666666666666666	0.03333333333333333
0.75	0.05
0.8	0.06666666666666667
0.8333333333333334	0.08333333333333333
0.7142857142857143	0.08333333333333333
0.625	0.08333333333333333
0.6666666666666666	0.1
0.7	0.11666666666666667
0.6363636363636364	0.11666666666666667
0.5833333333333334	0.11666666666666667
0.6153846153846154	0.13333333333333333
0.5714285714285714	0.13333333333333333
0.6	0.15
0.5625	0.15
0.5882352941176471	0.16666666666666666
0.5555555555555556	0.16666666666666666
0.5789473684210527	0.18333333333333332
0.55	0.18333333333333332
0.5238095238095238	0.18333333333333332
0.5	0.18333333333333332
0.4782608695652174	0.18333333333333332
0.4583333333333333	0.18333333333333332
0.44	0.18333333333333332
0.46153846153846156	0.2
0.4444444444444444	0.2
0.42857142857142855	0.2
0.41379310344827586	0.2
0.43333333333333335	0.21666666666666667
0.45161290322580644	0.23333333333333334
0.46875	0.25
0.45454545454545453	0.25
0.4411764705882353	0.25
0.42857142857142855	0.25
0.4444444444444444	0.26666666666666666
0.4594594594594595	0.2833333333333333
0.4473684210526316	0.2833333333333333
0.4358974358974359	0.2833333333333333
0.425	0.2833333333333333
0.43902439024390244	0.3
0.42857142857142855	0.3
0.4186046511627907	0.3
0.4090909090909091	0.3
0.4222222222222222	0.31666666666666665
0.41304347826086957	0.31666666666666665
0.40425531914893614	0.31666666666666665
0.3958333333333333	0.31666666666666665
0.3877551020408163	0.31666666666666665
0.38	0.31666666666666665
0.37254901960784315	0.31666666666666665
0.36538461538461536	0.31666666666666665
0.3584905660377358	0.31666666666666665
0.35185185185185186	0.31666666666666665
0.34545454545454546	0.31666666666666665
0.3392857142857143	0.31666666666666665
0.3508771929824561	0.3333333333333333
0.3448275862068966	0.3333333333333333
0.3389830508474576	0.3333333333333333
0.3333333333333333	0.3333333333333333
0.32786885245901637	0.3333333333333333
0.3225806451612903	0.3333333333333333
0.31746031746031744	0.3333333333333333
0.3125	0.3333333333333333
0.3076923076923077	0.3333333333333333
0.30303030303030304	0.3333333333333333
0.29850746268656714	0.3333333333333333
0.29411764705882354	0.3333333333333333
0.2898550724637681	0.3333333333333333
0.2857142857142857	0.3333333333333333
0.28169014084507044	0.3333333333333333
0.2777777777777778	0.3333333333333333
0.273972602739726	0.3333333333333333
0.2702702702702703	0.3333333333333333
0.26666666666666666	0.3333333333333333
0.2631578947368421	0.3333333333333333
0.2597402597402597	0.3333333333333333
0.2692307692307692	0.35
0.27848101265822783	0.36666666666666664
0.275	0.36666666666666664
0.2716049382716049	0.36666666666666664
0.2682926829268293	0.36666666666666664
0.26506024096385544	0.36666666666666664
0.2619047619047619	0.36666666666666664
0.25882352941176473	0.36666666666666664
0.2558139534883721	0.36666666666666664
0.25287356321839083	0.36666666666666664
0.25	0.36666666666666664
0.24719101123595505	0.36666666666666664
0.24444444444444444	0.36666666666666664
0.25274725274725274	0.38333333333333336
0.25	0.38333333333333336
0.24731182795698925	0.38333333333333336
0.24468085106382978	0.38333333333333336
0.24210526315789474	0.38333333333333336
0.23958333333333334	0.38333333333333336
0.23711340206185566	0.38333333333333336
0.23469387755102042	0.38333333333333336
0.23232323232323232	0.38333333333333336
