0.0	0.0
0.5	5.138746145940391E-4
0.6666666666666666	0.0010277492291880781
0.75	0.001541623843782117
0.8	0.0020554984583761563
0.8333333333333334	0.0025693730729701952
0.7142857142857143	0.0025693730729701952
0.75	0.003083247687564234
0.7777777777777778	0.0035971223021582736
0.7	0.0035971223021582736
0.6363636363636364	0.0035971223021582736
0.5833333333333334	0.0035971223021582736
0.6153846153846154	0.0041109969167523125
0.6428571428571429	0.0046248715313463515
0.6	0.0046248715313463515
0.625	0.0051387461459403904
0.6470588235294118	0.005652620760534429
0.6666666666666666	0.006166495375128468
0.6842105263157895	0.006680369989722507
0.7	0.007194244604316547
0.7142857142857143	0.007708119218910586
0.6818181818181818	0.007708119218910586
0.6956521739130435	0.008221993833504625
0.7083333333333334	0.008735868448098663
0.72	0.009249743062692703
0.6923076923076923	0.009249743062692703
0.7037037037037037	0.009763617677286743
0.6785714285714286	0.009763617677286743
0.6896551724137931	0.010277492291880781
0.7	0.01079136690647482
0.7096774193548387	0.011305241521068859
0.6875	0.011305241521068859
0.696969696969697	0.011819116135662899
0.6764705882352942	0.011819116135662899
0.6571428571428571	0.011819116135662899
0.6666666666666666	0.012332990750256937
0.6756756756756757	0.012846865364850977
0.6842105263157895	0.013360739979445015
0.6923076923076923	0.013874614594039054
0.7	0.014388489208633094
0.7073170731707317	0.014902363823227132
0.6904761904761905	0.014902363823227132
0.6744186046511628	0.014902363823227132
0.6590909090909091	0.014902363823227132
0.6444444444444445	0.014902363823227132
0.6521739130434783	0.015416238437821172
0.6382978723404256	0.015416238437821172
0.6458333333333334	0.01593011305241521
0.6326530612244898	0.01593011305241521
0.64	0.01644398766700925
0.6470588235294118	0.01695786228160329
0.6538461538461539	0.017471736896197326
0.660377358490566	0.017985611510791366
0.6666666666666666	0.018499486125385406
0.6545454545454545	0.018499486125385406
0.6607142857142857	0.019013360739979446
0.6666666666666666	0.019527235354573486
0.6724137931034483	0.020041109969167522
0.6779661016949152	0.020554984583761562
0.6833333333333333	0.0210688591983556
0.6885245901639344	0.02158273381294964
0.6774193548387096	0.02158273381294964
0.6825396825396826	0.022096608427543678
0.6875	0.022610483042137718
0.6923076923076923	0.023124357656731757
0.696969696969697	0.023638232271325797
0.7014925373134329	0.024152106885919837
0.7058823529411765	0.024665981500513873
0.6956521739130435	0.024665981500513873
0.6857142857142857	0.024665981500513873
0.676056338028169	0.024665981500513873
0.6805555555555556	0.025179856115107913
0.6712328767123288	0.025179856115107913
0.6621621621621622	0.025179856115107913
0.6533333333333333	0.025179856115107913
0.6578947368421053	0.025693730729701953
0.6623376623376623	0.026207605344295993
0.6666666666666666	0.02672147995889003
0.6708860759493671	0.02723535457348407
0.6625	0.02723535457348407
0.6666666666666666	0.02774922918807811
0.6707317073170732	0.02826310380267215
0.6626506024096386	0.02826310380267215
0.6547619047619048	0.02826310380267215
0.6470588235294118	0.02826310380267215
0.6511627906976745	0.02877697841726619
0.6551724137931034	0.029290853031860225
0.6590909090909091	0.029804727646454265
0.6629213483146067	0.030318602261048305
0.6666666666666666	0.030832476875642344
0.6703296703296703	0.03134635149023638
0.6739130434782609	0.03186022610483042
0.6774193548387096	0.03237410071942446
0.6808510638297872	0.0328879753340185
0.6842105263157895	0.03340184994861254
0.6875	0.03391572456320658
0.6907216494845361	0.03442959917780062
0.6938775510204082	0.03494347379239465
0.696969696969697	0.03545734840698869
0.69	0.03545734840698869
0.693069306930693	0.03597122302158273
0.696078431372549	0.03648509763617677
0.6990291262135923	0.03699897225077081
0.7019230769230769	0.03751284686536485
0.7047619047619048	0.03802672147995889
0.6981132075471698	0.03802672147995889
0.7009345794392523	0.03854059609455293
0.6944444444444444	0.03854059609455293
0.6972477064220184	0.03905447070914697
0.6909090909090909	0.03905447070914697
0.6846846846846847	0.03905447070914697
0.6875	0.039568345323741004
0.6814159292035398	0.039568345323741004
0.6842105263157895	0.040082219938335044
0.6869565217391305	0.040596094552929084
0.6896551724137931	0.041109969167523124
0.6923076923076923	0.04162384378211716
0.6864406779661016	0.04162384378211716
0.6890756302521008	0.0421377183967112
0.6916666666666667	0.04265159301130524
0.6859504132231405	0.04265159301130524
0.680327868852459	0.04265159301130524
0.6829268292682927	0.04316546762589928
0.6854838709677419	0.04367934224049332
0.688	0.044193216855087356
0.6904761904761905	0.044707091469681395
0.6929133858267716	0.045220966084275435
0.6953125	0.045734840698869475
0.6976744186046512	0.046248715313463515
0.7	0.046762589928057555
0.6946564885496184	0.046762589928057555
0.696969696969697	0.047276464542651594
0.6992481203007519	0.047790339157245634
0.7014925373134329	0.048304213771839674
0.7037037037037037	0.04881808838643371
0.7058823529411765	0.04933196300102775
0.7007299270072993	0.04933196300102775
0.7028985507246377	0.04984583761562179
0.7050359712230215	0.050359712230215826
0.7071428571428572	0.050873586844809866
0.7021276595744681	0.050873586844809866
0.704225352112676	0.051387461459403906
0.7062937062937062	0.051901336073997946
0.7083333333333334	0.052415210688591986
0.7103448275862069	0.052929085303186026
0.7054794520547946	0.052929085303186026
0.7006802721088435	0.052929085303186026
0.6959459459459459	0.052929085303186026
0.6912751677852349	0.052929085303186026
0.6933333333333334	0.05344295991778006
0.695364238410596	0.0539568345323741
0.6973684210526315	0.05447070914696814
0.6993464052287581	0.05498458376156218
0.6948051948051948	0.05498458376156218
0.6967741935483871	0.05549845837615622
0.6987179487179487	0.05601233299075026
0.7006369426751592	0.0565262076053443
0.6962025316455697	0.0565262076053443
0.6918238993710691	0.0565262076053443
0.69375	0.05704008221993834
0.6956521739130435	0.05755395683453238
0.6975308641975309	0.05806783144912641
0.6932515337423313	0.05806783144912641
0.6951219512195121	0.05858170606372045
0.696969696969697	0.05909558067831449
0.6927710843373494	0.05909558067831449
0.6946107784431138	0.05960945529290853
0.6904761904761905	0.05960945529290853
0.6863905325443787	0.05960945529290853
0.6823529411764706	0.05960945529290853
0.6842105263157895	0.06012332990750257
0.6802325581395349	0.06012332990750257
0.6763005780346821	0.06012332990750257
0.6781609195402298	0.06063720452209661
0.68	0.06115107913669065
0.6818181818181818	0.06166495375128469
0.6779661016949152	0.06166495375128469
0.6797752808988764	0.06217882836587873
0.6759776536312849	0.06217882836587873
0.6722222222222223	0.06217882836587873
0.6685082872928176	0.06217882836587873
0.6703296703296703	0.06269270298047276
0.6666666666666666	0.06269270298047276
0.6630434782608695	0.06269270298047276
0.6594594594594595	0.06269270298047276
0.6612903225806451	0.0632065775950668
0.6577540106951871	0.0632065775950668
0.6595744680851063	0.06372045220966084
0.656084656084656	0.06372045220966084
0.6578947368421053	0.06423432682425488
0.6544502617801047	0.06423432682425488
0.65625	0.06474820143884892
0.6580310880829016	0.06526207605344296
0.654639175257732	0.06526207605344296
0.6512820512820513	0.06526207605344296
0.6530612244897959	0.065775950668037
0.6548223350253807	0.06628982528263104
0.6565656565656566	0.06680369989722508
0.6532663316582915	0.06680369989722508
0.65	0.06680369989722508
0.6467661691542289	0.06680369989722508
0.6435643564356436	0.06680369989722508
0.645320197044335	0.06731757451181912
0.6470588235294118	0.06783144912641316
0.6439024390243903	0.06783144912641316
0.6456310679611651	0.0683453237410072
0.642512077294686	0.0683453237410072
0.6442307692307693	0.06885919835560124
0.6411483253588517	0.06885919835560124
0.638095238095238	0.06885919835560124
0.6398104265402843	0.06937307297019528
0.6415094339622641	0.0698869475847893
0.6384976525821596	0.0698869475847893
0.6401869158878505	0.07040082219938334
0.6372093023255814	0.07040082219938334
0.6342592592592593	0.07040082219938334
0.6359447004608295	0.07091469681397738
0.6376146788990825	0.07142857142857142
0.634703196347032	0.07142857142857142
0.6363636363636364	0.07194244604316546
0.6334841628959276	0.07194244604316546
0.6351351351351351	0.0724563206577595
0.6322869955156951	0.0724563206577595
0.6339285714285714	0.07297019527235354
0.6355555555555555	0.07348406988694758
0.6327433628318584	0.07348406988694758
0.6299559471365639	0.07348406988694758
0.631578947368421	0.07399794450154162
0.6331877729257642	0.07451181911613566
0.6304347826086957	0.07451181911613566
0.6320346320346321	0.0750256937307297
0.6336206896551724	0.07553956834532374
0.6351931330472103	0.07605344295991778
0.6367521367521367	0.07656731757451182
0.6340425531914894	0.07656731757451182
0.6313559322033898	0.07656731757451182
0.6329113924050633	0.07708119218910586
0.6302521008403361	0.07708119218910586
0.6276150627615062	0.07708119218910586
0.6291666666666667	0.0775950668036999
0.6307053941908713	0.07810894141829394
0.6322314049586777	0.07862281603288798
0.6296296296296297	0.07862281603288798
0.6270491803278688	0.07862281603288798
0.6244897959183674	0.07862281603288798
0.6219512195121951	0.07862281603288798
0.6234817813765182	0.07913669064748201
0.625	0.07965056526207605
0.6265060240963856	0.08016443987667009
0.624	0.08016443987667009
0.6254980079681275	0.08067831449126413
0.623015873015873	0.08067831449126413
0.6205533596837944	0.08067831449126413
0.6220472440944882	0.08119218910585817
0.6235294117647059	0.08170606372045221
0.625	0.08221993833504625
0.6264591439688716	0.08273381294964029
0.624031007751938	0.08273381294964029
0.6254826254826255	0.08324768756423433
0.6269230769230769	0.08376156217882837
0.6283524904214559	0.0842754367934224
0.6297709923664122	0.08478931140801645
0.6273764258555133	0.08478931140801645
0.625	0.08478931140801645
0.6226415094339622	0.08478931140801645
0.6240601503759399	0.08530318602261049
0.6254681647940075	0.08581706063720453
0.6268656716417911	0.08633093525179857
0.6282527881040892	0.0868448098663926
0.6259259259259259	0.0868448098663926
0.6236162361623616	0.0868448098663926
0.625	0.08735868448098665
0.6263736263736264	0.08787255909558069
0.6240875912408759	0.08787255909558069
0.6254545454545455	0.08838643371017471
0.6231884057971014	0.08838643371017471
0.6245487364620939	0.08890030832476875
0.6258992805755396	0.08941418293936279
0.6272401433691757	0.08992805755395683
0.625	0.08992805755395683
0.6227758007117438	0.08992805755395683
0.624113475177305	0.09044193216855087
0.6219081272084805	0.09044193216855087
0.6197183098591549	0.09044193216855087
0.6210526315789474	0.09095580678314491
0.6223776223776224	0.09146968139773895
0.6202090592334495	0.09146968139773895
0.6215277777777778	0.09198355601233299
0.6228373702422145	0.09249743062692703
0.6206896551724138	0.09249743062692703
0.6219931271477663	0.09301130524152107
0.6232876712328768	0.09352517985611511
0.6245733788395904	0.09403905447070915
0.6224489795918368	0.09403905447070915
0.6203389830508474	0.09403905447070915
0.6182432432432432	0.09403905447070915
0.6195286195286195	0.09455292908530319
0.6174496644295302	0.09455292908530319
0.6187290969899666	0.09506680369989723
0.6166666666666667	0.09506680369989723
0.6146179401993356	0.09506680369989723
0.6125827814569537	0.09506680369989723
0.6138613861386139	0.09558067831449127
0.6151315789473685	0.09609455292908531
0.6131147540983607	0.09609455292908531
0.6143790849673203	0.09660842754367935
0.6156351791530945	0.09712230215827339
0.6168831168831169	0.09763617677286741
0.6148867313915858	0.09763617677286741
0.6129032258064516	0.09763617677286741
0.6109324758842444	0.09763617677286741
0.6089743589743589	0.09763617677286741
0.610223642172524	0.09815005138746145
0.60828025477707	0.09815005138746145
0.6095238095238096	0.0986639260020555
0.6075949367088608	0.0986639260020555
0.6056782334384858	0.0986639260020555
0.6037735849056604	0.0986639260020555
0.6050156739811913	0.09917780061664953
0.60625	0.09969167523124357
0.6043613707165109	0.09969167523124357
0.6024844720496895	0.09969167523124357
0.6006191950464397	0.09969167523124357
0.6018518518518519	0.10020554984583761
0.6030769230769231	0.10071942446043165
0.6012269938650306	0.10071942446043165
0.599388379204893	0.10071942446043165
0.5975609756097561	0.10071942446043165
0.5957446808510638	0.10071942446043165
0.593939393939394	0.10071942446043165
0.5921450151057401	0.10071942446043165
0.5933734939759037	0.10123329907502569
0.5945945945945946	0.10174717368961973
0.592814371257485	0.10174717368961973
0.591044776119403	0.10174717368961973
0.5922619047619048	0.10226104830421377
0.5934718100890207	0.10277492291880781
0.591715976331361	0.10277492291880781
0.5899705014749262	0.10277492291880781
0.5882352941176471	0.10277492291880781
0.5894428152492669	0.10328879753340185
0.5877192982456141	0.10328879753340185
0.5860058309037901	0.10328879753340185
0.5843023255813954	0.10328879753340185
0.5826086956521739	0.10328879753340185
0.5838150289017341	0.10380267214799589
0.5821325648414986	0.10380267214799589
0.5804597701149425	0.10380267214799589
0.5816618911174785	0.10431654676258993
0.5828571428571429	0.10483042137718397
0.5811965811965812	0.10483042137718397
0.5823863636363636	0.10534429599177801
0.5835694050991501	0.10585817060637205
0.5819209039548022	0.10585817060637205
0.5802816901408451	0.10585817060637205
0.5814606741573034	0.10637204522096609
0.5798319327731093	0.10637204522096609
0.5810055865921788	0.10688591983556012
0.5821727019498607	0.10739979445015416
0.5805555555555556	0.10739979445015416
0.5789473684210527	0.10739979445015416
0.580110497237569	0.1079136690647482
0.5785123966942148	0.1079136690647482
0.5769230769230769	0.1079136690647482
0.5753424657534246	0.1079136690647482
0.5765027322404371	0.10842754367934224
0.5749318801089919	0.10842754367934224
0.5733695652173914	0.10842754367934224
0.5718157181571816	0.10842754367934224
0.572972972972973	0.10894141829393628
0.5714285714285714	0.10894141829393628
0.5698924731182796	0.10894141829393628
0.5683646112600537	0.10894141829393628
0.5668449197860963	0.10894141829393628
0.5653333333333334	0.10894141829393628
0.5638297872340425	0.10894141829393628
0.5623342175066313	0.10894141829393628
0.5608465608465608	0.10894141829393628
0.5593667546174143	0.10894141829393628
0.5578947368421052	0.10894141829393628
0.5590551181102362	0.10945529290853032
0.5602094240837696	0.10996916752312436
0.5587467362924282	0.10996916752312436
0.5598958333333334	0.1104830421377184
0.5584415584415584	0.1104830421377184
0.5569948186528497	0.1104830421377184
0.5555555555555556	0.1104830421377184
0.5541237113402062	0.1104830421377184
0.5526992287917738	0.1104830421377184
0.5512820512820513	0.1104830421377184
0.5498721227621484	0.1104830421377184
0.548469387755102	0.1104830421377184
0.5470737913486005	0.1104830421377184
0.5456852791878173	0.1104830421377184
0.5443037974683544	0.1104830421377184
0.5429292929292929	0.1104830421377184
0.5440806045340051	0.11099691675231244
0.5452261306532663	0.11151079136690648
0.543859649122807	0.11151079136690648
0.5425	0.11151079136690648
0.543640897755611	0.11202466598150052
0.5422885572139303	0.11202466598150052
0.5409429280397022	0.11202466598150052
0.5396039603960396	0.11202466598150052
0.5407407407407407	0.11253854059609456
0.541871921182266	0.1130524152106886
0.5405405405405406	0.1130524152106886
0.5416666666666666	0.11356628982528263
0.5403422982885085	0.11356628982528263
0.5390243902439025	0.11356628982528263
0.537712895377129	0.11356628982528263
0.5364077669902912	0.11356628982528263
0.5351089588377724	0.11356628982528263
0.533816425120773	0.11356628982528263
0.5325301204819277	0.11356628982528263
0.53125	0.11356628982528263
0.5299760191846523	0.11356628982528263
0.5287081339712919	0.11356628982528263
0.5274463007159904	0.11356628982528263
0.5261904761904762	0.11356628982528263
0.5249406175771971	0.11356628982528263
0.523696682464455	0.11356628982528263
0.524822695035461	0.11408016443987667
0.5235849056603774	0.11408016443987667
0.5223529411764706	0.11408016443987667
0.5234741784037559	0.11459403905447071
0.5245901639344263	0.11510791366906475
0.5233644859813084	0.11510791366906475
0.5221445221445221	0.11510791366906475
0.5209302325581395	0.11510791366906475
0.5197215777262181	0.11510791366906475
0.5208333333333334	0.1156217882836588
0.5196304849884527	0.1156217882836588
0.5184331797235023	0.1156217882836588
0.5195402298850574	0.11613566289825282
0.518348623853211	0.11613566289825282
0.517162471395881	0.11613566289825282
0.5182648401826484	0.11664953751284686
0.5193621867881549	0.1171634121274409
0.5181818181818182	0.1171634121274409
0.5192743764172335	0.11767728674203494
0.5180995475113123	0.11767728674203494
0.5169300225733634	0.11767728674203494
0.5157657657657657	0.11767728674203494
0.5168539325842697	0.11819116135662898
0.5179372197309418	0.11870503597122302
0.5167785234899329	0.11870503597122302
0.515625	0.11870503597122302
0.5144766146993318	0.11870503597122302
0.5155555555555555	0.11921891058581706
0.516629711751663	0.1197327852004111
0.5154867256637168	0.1197327852004111
0.5143487858719646	0.1197327852004111
0.5154185022026432	0.12024665981500514
0.5164835164835165	0.12076053442959918
0.5153508771929824	0.12076053442959918
0.5164113785557987	0.12127440904419322
0.5152838427947598	0.12127440904419322
0.514161220043573	0.12127440904419322
0.5130434782608696	0.12127440904419322
0.5119305856832972	0.12127440904419322
0.5108225108225108	0.12127440904419322
0.509719222462203	0.12127440904419322
0.5086206896551724	0.12127440904419322
0.5075268817204301	0.12127440904419322
0.5085836909871244	0.12178828365878726
0.5096359743040685	0.1223021582733813
0.5085470085470085	0.1223021582733813
0.5074626865671642	0.1223021582733813
0.5085106382978724	0.12281603288797534
0.5095541401273885	0.12332990750256938
0.5084745762711864	0.12332990750256938
0.507399577167019	0.12332990750256938
0.5063291139240507	0.12332990750256938
0.5052631578947369	0.12332990750256938
0.5042016806722689	0.12332990750256938
0.5031446540880503	0.12332990750256938
0.50418410041841	0.12384378211716342
0.5031315240083507	0.12384378211716342
0.5041666666666667	0.12435765673175746
0.5031185031185031	0.12435765673175746
0.5020746887966805	0.12435765673175746
0.5031055900621118	0.1248715313463515
0.5020661157024794	0.1248715313463515
0.5010309278350515	0.1248715313463515
0.5020576131687243	0.12538540596094552
0.5030800821355236	0.12589928057553956
0.5020491803278688	0.12589928057553956
0.5030674846625767	0.1264131551901336
0.5020408163265306	0.1264131551901336
0.5010183299389002	0.1264131551901336
0.5020325203252033	0.12692702980472764
0.5030425963488844	0.12744090441932168
0.5020242914979757	0.12744090441932168
0.503030303030303	0.12795477903391572
0.5020161290322581	0.12795477903391572
0.5010060362173038	0.12795477903391572
0.5020080321285141	0.12846865364850976
0.503006012024048	0.1289825282631038
0.504	0.12949640287769784
0.5049900199600799	0.13001027749229188
0.5059760956175299	0.13052415210688592
0.5069582504970179	0.13103802672147996
0.5059523809523809	0.13103802672147996
0.5069306930693069	0.131551901336074
0.5079051383399209	0.13206577595066804
0.5088757396449705	0.13257965056526208
0.5098425196850394	0.13309352517985612
0.5108055009823183	0.13360739979445016
0.5098039215686274	0.13360739979445016
0.5107632093933464	0.1341212744090442
0.509765625	0.1341212744090442
0.5087719298245614	0.1341212744090442
0.5097276264591439	0.13463514902363824
0.5087378640776699	0.13463514902363824
0.5077519379844961	0.13463514902363824
0.5087040618955513	0.13514902363823228
0.5096525096525096	0.13566289825282632
0.5105973025048169	0.13617677286742036
0.5096153846153846	0.13617677286742036
0.508637236084453	0.13617677286742036
0.5076628352490421	0.13617677286742036
0.5086042065009561	0.1366906474820144
0.5076335877862596	0.1366906474820144
0.5066666666666667	0.1366906474820144
0.5057034220532319	0.1366906474820144
0.5047438330170778	0.1366906474820144
0.5037878787878788	0.1366906474820144
0.502835538752363	0.1366906474820144
0.5037735849056604	0.13720452209660844
0.5028248587570622	0.13720452209660844
0.5018796992481203	0.13720452209660844
0.50093808630394	0.13720452209660844
0.50187265917603	0.13771839671120248
0.502803738317757	0.13823227132579652
0.503731343283582	0.13874614594039056
0.5027932960893855	0.13874614594039056
0.5018587360594795	0.13874614594039056
0.5009276437847866	0.13874614594039056
0.5	0.13874614594039056
0.5009242144177449	0.13926002055498457
0.5	0.13926002055498457
0.4990791896869245	0.13926002055498457
0.49816176470588236	0.13926002055498457
0.4972477064220184	0.13926002055498457
0.49633699633699635	0.13926002055498457
0.4954296160877514	0.13926002055498457
0.49452554744525545	0.13926002055498457
0.4936247723132969	0.13926002055498457
0.49272727272727274	0.13926002055498457
0.49364791288566245	0.1397738951695786
0.4927536231884058	0.1397738951695786
0.4918625678119349	0.1397738951695786
0.49097472924187724	0.1397738951695786
0.4900900900900901	0.1397738951695786
0.4910071942446043	0.14028776978417265
0.49012567324955114	0.14028776978417265
0.489247311827957	0.14028776978417265
0.4883720930232558	0.14028776978417265
0.4875	0.14028776978417265
0.48663101604278075	0.14028776978417265
0.48576512455516013	0.14028776978417265
0.4849023090586146	0.14028776978417265
0.48404255319148937	0.14028776978417265
0.4831858407079646	0.14028776978417265
0.4823321554770318	0.14028776978417265
0.48148148148148145	0.14028776978417265
0.48063380281690143	0.14028776978417265
0.48154657293497366	0.1408016443987667
0.4807017543859649	0.1408016443987667
0.4816112084063047	0.14131551901336073
0.4807692307692308	0.14131551901336073
0.4799301919720768	0.14131551901336073
0.47909407665505227	0.14131551901336073
0.4782608695652174	0.14131551901336073
0.4774305555555556	0.14131551901336073
0.47660311958405543	0.14131551901336073
0.4757785467128028	0.14131551901336073
0.4749568221070812	0.14131551901336073
0.47413793103448276	0.14131551901336073
0.4750430292598967	0.14182939362795477
0.47594501718213056	0.1423432682425488
0.4751286449399657	0.1423432682425488
0.4743150684931507	0.1423432682425488
0.4735042735042735	0.1423432682425488
0.4726962457337884	0.1423432682425488
0.47189097103918226	0.1423432682425488
0.4710884353741497	0.1423432682425488
0.4702886247877759	0.1423432682425488
0.4711864406779661	0.14285714285714285
0.4720812182741117	0.1433710174717369
0.47128378378378377	0.1433710174717369
0.47048903878583476	0.1433710174717369
0.4696969696969697	0.1433710174717369
0.4689075630252101	0.1433710174717369
0.4697986577181208	0.14388489208633093
0.46901172529313234	0.14388489208633093
0.4682274247491639	0.14388489208633093
0.4674457429048414	0.14388489208633093
0.4666666666666667	0.14388489208633093
0.46589018302828616	0.14388489208633093
0.46511627906976744	0.14388489208633093
0.46434494195688225	0.14388489208633093
0.4652317880794702	0.14439876670092497
0.4644628099173554	0.14439876670092497
0.4636963696369637	0.14439876670092497
0.46293245469522243	0.14439876670092497
0.4621710526315789	0.14439876670092497
0.4614121510673235	0.14439876670092497
0.460655737704918	0.14439876670092497
0.45990180032733224	0.14439876670092497
0.4591503267973856	0.14439876670092497
0.4600326264274062	0.144912641315519
0.4592833876221498	0.144912641315519
0.4585365853658537	0.144912641315519
0.4577922077922078	0.144912641315519
0.45705024311183146	0.144912641315519
0.4563106796116505	0.144912641315519
0.4555735056542811	0.144912641315519
0.45645161290322583	0.14542651593011305
0.4573268921095008	0.1459403905447071
0.4565916398713826	0.1459403905447071
0.45585874799357945	0.1459403905447071
0.4551282051282051	0.1459403905447071
0.456	0.14645426515930113
0.45527156549520764	0.14645426515930113
0.45454545454545453	0.14645426515930113
0.4554140127388535	0.14696813977389517
0.4546899841017488	0.14696813977389517
0.45396825396825397	0.14696813977389517
0.4532488114104596	0.14696813977389517
0.4525316455696203	0.14696813977389517
0.4518167456556082	0.14696813977389517
0.45110410094637227	0.14696813977389517
0.4503937007874016	0.14696813977389517
0.449685534591195	0.14696813977389517
0.4489795918367347	0.14696813977389517
0.4482758620689655	0.14696813977389517
0.4491392801251956	0.1474820143884892
0.4484375	0.1474820143884892
0.44773790951638065	0.1474820143884892
0.4470404984423676	0.1474820143884892
0.447900466562986	0.14799588900308325
0.44875776397515527	0.1485097636176773
0.448062015503876	0.1485097636176773
0.44891640866873067	0.14902363823227133
0.44976816074188564	0.14953751284686537
0.44907407407407407	0.14953751284686537
0.44838212634822805	0.14953751284686537
0.44769230769230767	0.14953751284686537
0.4485407066052227	0.1500513874614594
0.44785276073619634	0.1500513874614594
0.44716692189892804	0.1500513874614594
0.44648318042813456	0.1500513874614594
0.44580152671755724	0.1500513874614594
0.4451219512195122	0.1500513874614594
0.4444444444444444	0.1500513874614594
0.4452887537993921	0.15056526207605345
0.44461305007587254	0.15056526207605345
0.44545454545454544	0.1510791366906475
0.4462934947049924	0.15159301130524153
0.44561933534743203	0.15159301130524153
0.444947209653092	0.15159301130524153
0.4442771084337349	0.15159301130524153
0.44360902255639095	0.15159301130524153
0.4444444444444444	0.15210688591983557
0.4452773613193403	0.1526207605344296
0.44610778443113774	0.15313463514902365
0.4469357249626308	0.15364850976361769
0.44776119402985076	0.15416238437821173
0.44709388971684055	0.15416238437821173
0.44642857142857145	0.15416238437821173
0.4457652303120357	0.15416238437821173
0.44510385756676557	0.15416238437821173
0.4444444444444444	0.15416238437821173
0.4437869822485207	0.15416238437821173
0.4431314623338257	0.15416238437821173
0.4424778761061947	0.15416238437821173
0.4418262150220913	0.15416238437821173
0.4426470588235294	0.15467625899280577
0.4434654919236417	0.1551901336073998
0.44281524926686217	0.1551901336073998
0.44216691068814057	0.1551901336073998
0.4415204678362573	0.1551901336073998
0.4408759124087591	0.1551901336073998
0.4402332361516035	0.1551901336073998
0.4410480349344978	0.15570400822199384
0.44040697674418605	0.15570400822199384
0.4412191582002903	0.15621788283658788
0.4420289855072464	0.15673175745118192
0.44138929088277856	0.15673175745118192
0.4421965317919075	0.15724563206577596
0.44155844155844154	0.15724563206577596
0.4409221902017291	0.15724563206577596
0.44028776978417267	0.15724563206577596
0.4396551724137931	0.15724563206577596
0.43902439024390244	0.15724563206577596
0.4383954154727794	0.15724563206577596
0.43776824034334766	0.15724563206577596
0.43857142857142856	0.15775950668036998
0.43794579172610554	0.15775950668036998
0.4373219373219373	0.15775950668036998
0.4366998577524893	0.15775950668036998
0.43607954545454547	0.15775950668036998
0.43546099290780144	0.15775950668036998
0.4348441926345609	0.15775950668036998
0.43422913719943423	0.15775950668036998
0.4336158192090395	0.15775950668036998
0.4330042313117066	0.15775950668036998
0.43380281690140843	0.15827338129496402
0.43319268635724334	0.15827338129496402
0.43258426966292135	0.15827338129496402
0.4319775596072931	0.15827338129496402
0.4327731092436975	0.15878725590955806
0.43216783216783217	0.15878725590955806
0.43156424581005587	0.15878725590955806
0.4309623430962343	0.15878725590955806
0.43036211699164345	0.15878725590955806
0.4297635605006954	0.15878725590955806
0.42916666666666664	0.15878725590955806
0.42857142857142855	0.15878725590955806
0.4279778393351801	0.15878725590955806
0.42738589211618255	0.15878725590955806
0.42679558011049723	0.15878725590955806
0.4262068965517241	0.15878725590955806
0.42699724517906334	0.1593011305241521
0.4264099037138927	0.1593011305241521
0.4258241758241758	0.1593011305241521
0.4252400548696845	0.1593011305241521
0.4246575342465753	0.1593011305241521
0.4240766073871409	0.1593011305241521
0.42349726775956287	0.1593011305241521
0.4229195088676671	0.1593011305241521
0.4223433242506812	0.1593011305241521
0.4217687074829932	0.1593011305241521
0.421195652173913	0.1593011305241521
0.4206241519674355	0.1593011305241521
0.42005420054200543	0.1593011305241521
0.41948579161028415	0.1593011305241521
0.4189189189189189	0.1593011305241521
0.4183535762483131	0.1593011305241521
0.41778975741239893	0.1593011305241521
0.41722745625841184	0.1593011305241521
0.41801075268817206	0.15981500513874614
0.4174496644295302	0.15981500513874614
0.4168900804289544	0.15981500513874614
0.41633199464524767	0.15981500513874614
0.4157754010695187	0.15981500513874614
0.4152202937249666	0.15981500513874614
0.4146666666666667	0.15981500513874614
0.4141145139813582	0.15981500513874614
0.41356382978723405	0.15981500513874614
0.41434262948207173	0.16032887975334018
0.41379310344827586	0.16032887975334018
0.41324503311258276	0.16032887975334018
0.4126984126984127	0.16032887975334018
0.41215323645970936	0.16032887975334018
0.41160949868073876	0.16032887975334018
0.41238471673254284	0.16084275436793422
0.4118421052631579	0.16084275436793422
0.41130091984231276	0.16084275436793422
0.410761154855643	0.16084275436793422
0.41022280471821754	0.16084275436793422
0.4096858638743455	0.16084275436793422
0.41045751633986927	0.16135662898252826
0.4112271540469974	0.1618705035971223
0.41199478487614083	0.16238437821171633
0.4114583333333333	0.16238437821171633
0.41092327698309494	0.16238437821171633
0.4116883116883117	0.16289825282631037
0.41115434500648507	0.16289825282631037
0.4106217616580311	0.16289825282631037
0.4113842173350582	0.16341212744090441
0.4108527131782946	0.16341212744090441
0.4103225806451613	0.16341212744090441
0.4097938144329897	0.16341212744090441
0.4092664092664093	0.16341212744090441
0.4087403598971722	0.16341212744090441
0.40821566110397944	0.16341212744090441
0.4076923076923077	0.16341212744090441
0.40717029449423814	0.16341212744090441
0.4079283887468031	0.16392600205549845
0.4074074074074074	0.16392600205549845
0.40688775510204084	0.16392600205549845
0.4063694267515924	0.16392600205549845
0.405852417302799	0.16392600205549845
0.40533672172808133	0.16392600205549845
0.40482233502538073	0.16392600205549845
0.4055766793409379	0.1644398766700925
0.40632911392405063	0.16495375128468653
0.40581542351453853	0.16495375128468653
0.4053030303030303	0.16495375128468653
0.4047919293820933	0.16495375128468653
0.40428211586901763	0.16495375128468653
0.4037735849056604	0.16495375128468653
0.40326633165829145	0.16495375128468653
0.40401505646173147	0.16546762589928057
0.40350877192982454	0.16546762589928057
0.4030037546933667	0.16546762589928057
0.4025	0.16546762589928057
0.40324594257178525	0.1659815005138746
0.4027431421446384	0.1659815005138746
0.40224159402241594	0.1659815005138746
0.4017412935323383	0.1659815005138746
0.4012422360248447	0.1659815005138746
0.40074441687344914	0.1659815005138746
0.40024783147459725	0.1659815005138746
0.400990099009901	0.16649537512846865
0.40173053152039556	0.1670092497430627
0.4024691358024691	0.16752312435765673
0.40197287299630086	0.16752312435765673
0.4014778325123153	0.16752312435765673
0.4009840098400984	0.16752312435765673
0.4004914004914005	0.16752312435765673
0.4	0.16752312435765673
0.39950980392156865	0.16752312435765673
0.3990208078335373	0.16752312435765673
0.39853300733496333	0.16752312435765673
0.3992673992673993	0.16803699897225077
0.4	0.1685508735868448
0.4007308160779537	0.16906474820143885
0.4002433090024331	0.16906474820143885
0.40097205346294046	0.1695786228160329
0.4016990291262136	0.17009249743062693
0.4012121212121212	0.17009249743062693
0.4019370460048426	0.17060637204522097
0.4014510278113664	0.17060637204522097
0.40096618357487923	0.17060637204522097
0.40048250904704463	0.17060637204522097
0.40120481927710844	0.171120246659815
0.4007220216606498	0.171120246659815
0.4014423076923077	0.17163412127440905
0.4009603841536615	0.17163412127440905
0.40167865707434053	0.1721479958890031
0.40119760479041916	0.1721479958890031
0.4019138755980861	0.17266187050359713
0.4014336917562724	0.17266187050359713
0.4009546539379475	0.17266187050359713
0.40047675804529204	0.17266187050359713
0.4	0.17266187050359713
0.40071343638525564	0.17317574511819117
0.4002375296912114	0.17317574511819117
0.40094899169632264	0.1736896197327852
0.4004739336492891	0.1736896197327852
0.4	0.1736896197327852
0.39952718676122934	0.1736896197327852
0.4002361275088548	0.17420349434737925
0.39976415094339623	0.17420349434737925
0.4004711425206125	0.1747173689619733
0.4011764705882353	0.17523124357656733
0.4007050528789659	0.17523124357656733
0.4014084507042254	0.17574511819116137
0.40093786635404455	0.17574511819116137
0.40046838407494145	0.17574511819116137
0.4	0.17574511819116137
0.4007009345794392	0.17625899280575538
0.4002333722287048	0.17625899280575538
0.3997668997668998	0.17625899280575538
0.39930151338766007	0.17625899280575538
0.4	0.17677286742034942
0.40069686411149824	0.17728674203494346
0.40023201856148494	0.17728674203494346
0.39976825028968715	0.17728674203494346
0.3993055555555556	0.17728674203494346
0.3988439306358382	0.17728674203494346
0.39838337182448036	0.17728674203494346
0.39792387543252594	0.17728674203494346
0.39746543778801846	0.17728674203494346
0.3970080552359033	0.17728674203494346
