1.0	5.138746145940391E-4
0.5	5.138746145940391E-4
0.3333333333333333	5.138746145940391E-4
0.5	0.0010277492291880781
0.6	0.001541623843782117
0.6666666666666666	0.0020554984583761563
0.5714285714285714	0.0020554984583761563
0.5	0.0020554984583761563
0.5555555555555556	0.0025693730729701952
0.5	0.0025693730729701952
0.45454545454545453	0.0025693730729701952
0.4166666666666667	0.0025693730729701952
0.46153846153846156	0.003083247687564234
0.5	0.0035971223021582736
0.4666666666666667	0.0035971223021582736
0.5	0.0041109969167523125
0.47058823529411764	0.0041109969167523125
0.4444444444444444	0.0041109969167523125
0.47368421052631576	0.0046248715313463515
0.45	0.0046248715313463515
0.47619047619047616	0.0051387461459403904
0.5	0.005652620760534429
0.5217391304347826	0.006166495375128468
0.5416666666666666	0.006680369989722507
0.56	0.007194244604316547
0.5384615384615384	0.007194244604316547
0.5185185185185185	0.007194244604316547
0.5357142857142857	0.007708119218910586
0.5517241379310345	0.008221993833504625
0.5666666666666667	0.008735868448098663
0.5806451612903226	0.009249743062692703
0.59375	0.009763617677286743
0.6060606060606061	0.010277492291880781
0.6176470588235294	0.01079136690647482
0.6285714285714286	0.011305241521068859
0.6111111111111112	0.011305241521068859
0.5945945945945946	0.011305241521068859
0.5789473684210527	0.011305241521068859
0.5641025641025641	0.011305241521068859
0.575	0.011819116135662899
0.5853658536585366	0.012332990750256937
0.5952380952380952	0.012846865364850977
0.6046511627906976	0.013360739979445015
0.6136363636363636	0.013874614594039054
0.6222222222222222	0.014388489208633094
0.6304347826086957	0.014902363823227132
0.6382978723404256	0.015416238437821172
0.625	0.015416238437821172
0.6326530612244898	0.01593011305241521
0.62	0.01593011305241521
0.6078431372549019	0.01593011305241521
0.5961538461538461	0.01593011305241521
0.6037735849056604	0.01644398766700925
0.6111111111111112	0.01695786228160329
0.6181818181818182	0.017471736896197326
0.625	0.017985611510791366
0.6140350877192983	0.017985611510791366
0.603448275862069	0.017985611510791366
0.5932203389830508	0.017985611510791366
0.6	0.018499486125385406
0.5901639344262295	0.018499486125385406
0.5967741935483871	0.019013360739979446
0.5873015873015873	0.019013360739979446
0.59375	0.019527235354573486
0.6	0.020041109969167522
0.5909090909090909	0.020041109969167522
0.5970149253731343	0.020554984583761562
0.6029411764705882	0.0210688591983556
0.5942028985507246	0.0210688591983556
0.6	0.02158273381294964
0.6056338028169014	0.022096608427543678
0.6111111111111112	0.022610483042137718
0.6164383561643836	0.023124357656731757
0.6216216216216216	0.023638232271325797
0.6266666666666667	0.024152106885919837
0.631578947368421	0.024665981500513873
0.6363636363636364	0.025179856115107913
0.6410256410256411	0.025693730729701953
0.6455696202531646	0.026207605344295993
0.6375	0.026207605344295993
0.6419753086419753	0.02672147995889003
0.6463414634146342	0.02723535457348407
0.6506024096385542	0.02774922918807811
0.6547619047619048	0.02826310380267215
0.6588235294117647	0.02877697841726619
0.6627906976744186	0.029290853031860225
0.6551724137931034	0.029290853031860225
0.6590909090909091	0.029804727646454265
0.6629213483146067	0.030318602261048305
0.6555555555555556	0.030318602261048305
0.6483516483516484	0.030318602261048305
0.6521739130434783	0.030832476875642344
0.6559139784946236	0.03134635149023638
0.6595744680851063	0.03186022610483042
0.6526315789473685	0.03186022610483042
0.6458333333333334	0.03186022610483042
0.6391752577319587	0.03186022610483042
0.6428571428571429	0.03237410071942446
0.6363636363636364	0.03237410071942446
0.63	0.03237410071942446
0.6336633663366337	0.0328879753340185
0.6372549019607843	0.03340184994861254
0.6407766990291263	0.03391572456320658
0.6442307692307693	0.03442959917780062
0.6476190476190476	0.03494347379239465
0.6509433962264151	0.03545734840698869
0.6448598130841121	0.03545734840698869
0.6388888888888888	0.03545734840698869
0.6422018348623854	0.03597122302158273
0.6363636363636364	0.03597122302158273
0.6396396396396397	0.03648509763617677
0.6339285714285714	0.03648509763617677
0.6283185840707964	0.03648509763617677
0.631578947368421	0.03699897225077081
0.6260869565217392	0.03699897225077081
0.6206896551724138	0.03699897225077081
0.6239316239316239	0.03751284686536485
0.6271186440677966	0.03802672147995889
0.6218487394957983	0.03802672147995889
0.6166666666666667	0.03802672147995889
0.6115702479338843	0.03802672147995889
0.6065573770491803	0.03802672147995889
0.6016260162601627	0.03802672147995889
0.6048387096774194	0.03854059609455293
0.6	0.03854059609455293
0.5952380952380952	0.03854059609455293
0.5905511811023622	0.03854059609455293
0.59375	0.03905447070914697
0.5891472868217055	0.03905447070914697
0.5846153846153846	0.03905447070914697
0.5877862595419847	0.039568345323741004
0.5833333333333334	0.039568345323741004
0.5789473684210527	0.039568345323741004
0.5746268656716418	0.039568345323741004
0.5777777777777777	0.040082219938335044
0.5735294117647058	0.040082219938335044
0.5766423357664233	0.040596094552929084
0.5797101449275363	0.041109969167523124
0.5755395683453237	0.041109969167523124
0.5714285714285714	0.041109969167523124
0.574468085106383	0.04162384378211716
0.5704225352112676	0.04162384378211716
0.5664335664335665	0.04162384378211716
0.5625	0.04162384378211716
0.5586206896551724	0.04162384378211716
0.5547945205479452	0.04162384378211716
0.5578231292517006	0.0421377183967112
0.5608108108108109	0.04265159301130524
0.5570469798657718	0.04265159301130524
0.5533333333333333	0.04265159301130524
0.5496688741721855	0.04265159301130524
0.5460526315789473	0.04265159301130524
0.5490196078431373	0.04316546762589928
0.5454545454545454	0.04316546762589928
0.5483870967741935	0.04367934224049332
0.5512820512820513	0.044193216855087356
0.5477707006369427	0.044193216855087356
0.5506329113924051	0.044707091469681395
0.5471698113207547	0.044707091469681395
0.54375	0.044707091469681395
0.546583850931677	0.045220966084275435
0.5493827160493827	0.045734840698869475
0.5521472392638037	0.046248715313463515
0.5548780487804879	0.046762589928057555
0.5575757575757576	0.047276464542651594
0.5542168674698795	0.047276464542651594
0.5568862275449101	0.047790339157245634
0.5595238095238095	0.048304213771839674
0.5621301775147929	0.04881808838643371
0.5647058823529412	0.04933196300102775
0.5672514619883041	0.04984583761562179
0.5697674418604651	0.050359712230215826
0.5664739884393064	0.050359712230215826
0.5689655172413793	0.050873586844809866
0.5714285714285714	0.051387461459403906
0.5738636363636364	0.051901336073997946
0.576271186440678	0.052415210688591986
0.5730337078651685	0.052415210688591986
0.5698324022346368	0.052415210688591986
0.5666666666666667	0.052415210688591986
0.569060773480663	0.052929085303186026
0.5659340659340659	0.052929085303186026
0.5628415300546448	0.052929085303186026
0.5652173913043478	0.05344295991778006
0.5675675675675675	0.0539568345323741
0.5645161290322581	0.0539568345323741
0.5614973262032086	0.0539568345323741
0.5638297872340425	0.05447070914696814
0.5608465608465608	0.05447070914696814
0.5578947368421052	0.05447070914696814
0.5602094240837696	0.05498458376156218
0.5625	0.05549845837615622
0.5647668393782384	0.05601233299075026
0.5670103092783505	0.0565262076053443
0.5692307692307692	0.05704008221993834
0.5663265306122449	0.05704008221993834
0.5634517766497462	0.05704008221993834
0.5656565656565656	0.05755395683453238
0.5678391959798995	0.05806783144912641
0.57	0.05858170606372045
0.5671641791044776	0.05858170606372045
0.5643564356435643	0.05858170606372045
0.5665024630541872	0.05909558067831449
0.5686274509803921	0.05960945529290853
0.5707317073170731	0.06012332990750257
0.5728155339805825	0.06063720452209661
0.5748792270531401	0.06115107913669065
0.5769230769230769	0.06166495375128469
0.5741626794258373	0.06166495375128469
0.5761904761904761	0.06217882836587873
0.5781990521327014	0.06269270298047276
0.5801886792452831	0.0632065775950668
0.5821596244131455	0.06372045220966084
0.5794392523364486	0.06372045220966084
0.5767441860465117	0.06372045220966084
0.5787037037037037	0.06423432682425488
0.576036866359447	0.06423432682425488
0.5779816513761468	0.06474820143884892
0.5799086757990868	0.06526207605344296
0.5772727272727273	0.06526207605344296
0.5746606334841629	0.06526207605344296
0.5765765765765766	0.065775950668037
0.57847533632287	0.06628982528263104
0.5803571428571429	0.06680369989722508
0.5777777777777777	0.06680369989722508
0.5796460176991151	0.06731757451181912
0.5814977973568282	0.06783144912641316
0.5833333333333334	0.0683453237410072
0.5807860262008734	0.0683453237410072
0.5826086956521739	0.06885919835560124
0.5844155844155844	0.06937307297019528
0.5818965517241379	0.06937307297019528
0.5793991416309013	0.06937307297019528
0.5811965811965812	0.0698869475847893
0.5829787234042553	0.07040082219938334
0.5847457627118644	0.07091469681397738
0.5864978902953587	0.07142857142857142
0.5882352941176471	0.07194244604316546
0.5857740585774058	0.07194244604316546
0.5875	0.0724563206577595
0.5892116182572614	0.07297019527235354
0.5909090909090909	0.07348406988694758
0.588477366255144	0.07348406988694758
0.5901639344262295	0.07399794450154162
0.5877551020408164	0.07399794450154162
0.5894308943089431	0.07451181911613566
0.5910931174089069	0.0750256937307297
0.5887096774193549	0.0750256937307297
0.5903614457831325	0.07553956834532374
0.588	0.07553956834532374
0.5896414342629482	0.07605344295991778
0.5912698412698413	0.07656731757451182
0.5928853754940712	0.07708119218910586
0.594488188976378	0.0775950668036999
0.596078431372549	0.07810894141829394
0.59375	0.07810894141829394
0.5953307392996109	0.07862281603288798
0.5968992248062015	0.07913669064748201
0.5984555984555985	0.07965056526207605
0.6	0.08016443987667009
0.5977011494252874	0.08016443987667009
0.5954198473282443	0.08016443987667009
0.5931558935361216	0.08016443987667009
0.5909090909090909	0.08016443987667009
0.5924528301886792	0.08067831449126413
0.5902255639097744	0.08067831449126413
0.5880149812734082	0.08067831449126413
0.585820895522388	0.08067831449126413
0.587360594795539	0.08119218910585817
0.5888888888888889	0.08170606372045221
0.5904059040590406	0.08221993833504625
0.5882352941176471	0.08221993833504625
0.5860805860805861	0.08221993833504625
0.5875912408759124	0.08273381294964029
0.5890909090909091	0.08324768756423433
0.5905797101449275	0.08376156217882837
0.5884476534296029	0.08376156217882837
0.5863309352517986	0.08376156217882837
0.5842293906810035	0.08376156217882837
0.5857142857142857	0.0842754367934224
0.5836298932384342	0.0842754367934224
0.5815602836879432	0.0842754367934224
0.5795053003533569	0.0842754367934224
0.5809859154929577	0.08478931140801645
0.5824561403508772	0.08530318602261049
0.5804195804195804	0.08530318602261049
0.5818815331010453	0.08581706063720453
0.5833333333333334	0.08633093525179857
0.5847750865051903	0.0868448098663926
0.5862068965517241	0.08735868448098665
0.5876288659793815	0.08787255909558069
0.589041095890411	0.08838643371017471
0.5870307167235495	0.08838643371017471
0.5884353741496599	0.08890030832476875
0.5864406779661017	0.08890030832476875
0.5878378378378378	0.08941418293936279
0.5892255892255892	0.08992805755395683
0.5906040268456376	0.09044193216855087
0.5886287625418061	0.09044193216855087
0.59	0.09095580678314491
0.5913621262458472	0.09146968139773895
0.5927152317880795	0.09198355601233299
0.594059405940594	0.09249743062692703
0.5953947368421053	0.09301130524152107
0.5934426229508196	0.09301130524152107
0.5915032679738562	0.09301130524152107
0.5928338762214984	0.09352517985611511
0.5941558441558441	0.09403905447070915
0.5922330097087378	0.09403905447070915
0.5935483870967742	0.09455292908530319
0.594855305466238	0.09506680369989723
0.592948717948718	0.09506680369989723
0.5910543130990416	0.09506680369989723
0.5923566878980892	0.09558067831449127
0.5936507936507937	0.09609455292908531
0.5949367088607594	0.09660842754367935
0.5930599369085173	0.09660842754367935
0.5911949685534591	0.09660842754367935
0.5893416927899686	0.09660842754367935
0.5875	0.09660842754367935
0.5856697819314641	0.09660842754367935
0.5869565217391305	0.09712230215827339
0.5851393188854489	0.09712230215827339
0.5864197530864198	0.09763617677286741
0.5876923076923077	0.09815005138746145
0.588957055214724	0.0986639260020555
0.5871559633027523	0.0986639260020555
0.5884146341463414	0.09917780061664953
0.5866261398176292	0.09917780061664953
0.5878787878787879	0.09969167523124357
0.5891238670694864	0.10020554984583761
0.5873493975903614	0.10020554984583761
0.5855855855855856	0.10020554984583761
0.5838323353293413	0.10020554984583761
0.582089552238806	0.10020554984583761
0.5803571428571429	0.10020554984583761
0.5816023738872403	0.10071942446043165
0.5798816568047337	0.10071942446043165
0.5781710914454278	0.10071942446043165
0.5764705882352941	0.10071942446043165
0.5777126099706745	0.10123329907502569
0.5789473684210527	0.10174717368961973
0.5801749271137027	0.10226104830421377
0.5813953488372093	0.10277492291880781
0.5826086956521739	0.10328879753340185
0.5809248554913294	0.10328879753340185
0.5821325648414986	0.10380267214799589
0.5804597701149425	0.10380267214799589
0.5787965616045845	0.10380267214799589
0.58	0.10431654676258993
0.5783475783475783	0.10431654676258993
0.5767045454545454	0.10431654676258993
0.5750708215297451	0.10431654676258993
0.576271186440678	0.10483042137718397
0.5774647887323944	0.10534429599177801
0.5758426966292135	0.10534429599177801
0.5770308123249299	0.10585817060637205
0.5782122905027933	0.10637204522096609
0.5793871866295265	0.10688591983556012
0.5777777777777777	0.10688591983556012
0.5761772853185596	0.10688591983556012
0.5773480662983426	0.10739979445015416
0.5757575757575758	0.10739979445015416
0.5741758241758241	0.10739979445015416
0.5726027397260274	0.10739979445015416
0.5710382513661202	0.10739979445015416
0.5722070844686649	0.1079136690647482
0.5706521739130435	0.1079136690647482
0.5718157181571816	0.10842754367934224
0.5702702702702702	0.10842754367934224
0.5714285714285714	0.10894141829393628
0.5725806451612904	0.10945529290853032
0.5710455764075067	0.10945529290853032
0.56951871657754	0.10945529290853032
0.568	0.10945529290853032
0.5691489361702128	0.10996916752312436
0.5702917771883289	0.1104830421377184
0.5687830687830688	0.1104830421377184
0.5699208443271768	0.11099691675231244
0.5710526315789474	0.11151079136690648
0.5695538057742782	0.11151079136690648
0.5706806282722513	0.11202466598150052
0.5718015665796344	0.11253854059609456
0.5703125	0.11253854059609456
0.5714285714285714	0.1130524152106886
0.5699481865284974	0.1130524152106886
0.5684754521963824	0.1130524152106886
0.5670103092783505	0.1130524152106886
0.5655526992287918	0.1130524152106886
0.5666666666666667	0.11356628982528263
0.5677749360613811	0.11408016443987667
0.5663265306122449	0.11408016443987667
0.5648854961832062	0.11408016443987667
0.5634517766497462	0.11408016443987667
0.5620253164556962	0.11408016443987667
0.5606060606060606	0.11408016443987667
0.5591939546599496	0.11408016443987667
0.5577889447236181	0.11408016443987667
0.556390977443609	0.11408016443987667
0.5575	0.11459403905447071
0.5561097256857855	0.11459403905447071
0.554726368159204	0.11459403905447071
0.5533498759305211	0.11459403905447071
0.551980198019802	0.11459403905447071
0.5506172839506173	0.11459403905447071
0.5492610837438424	0.11459403905447071
0.547911547911548	0.11459403905447071
0.5465686274509803	0.11459403905447071
0.5452322738386308	0.11459403905447071
0.5439024390243903	0.11459403905447071
0.5450121654501217	0.11510791366906475
0.5436893203883495	0.11510791366906475
0.5447941888619855	0.1156217882836588
0.5434782608695652	0.1156217882836588
0.5421686746987951	0.1156217882836588
0.5408653846153846	0.1156217882836588
0.539568345323741	0.1156217882836588
0.5406698564593302	0.11613566289825282
0.5393794749403341	0.11613566289825282
0.5404761904761904	0.11664953751284686
0.5391923990498813	0.11664953751284686
0.5402843601895735	0.1171634121274409
0.5390070921985816	0.1171634121274409
0.5400943396226415	0.11767728674203494
0.5388235294117647	0.11767728674203494
0.5375586854460094	0.11767728674203494
0.5386416861826698	0.11819116135662898
0.5397196261682243	0.11870503597122302
0.5384615384615384	0.11870503597122302
0.5372093023255814	0.11870503597122302
0.5359628770301624	0.11870503597122302
0.5347222222222222	0.11870503597122302
0.5334872979214781	0.11870503597122302
0.532258064516129	0.11870503597122302
0.5310344827586206	0.11870503597122302
0.5298165137614679	0.11870503597122302
0.528604118993135	0.11870503597122302
0.5273972602739726	0.11870503597122302
0.5261958997722096	0.11870503597122302
0.525	0.11870503597122302
0.5260770975056689	0.11921891058581706
0.5248868778280543	0.11921891058581706
0.5237020316027088	0.11921891058581706
0.5225225225225225	0.11921891058581706
0.5213483146067416	0.11921891058581706
0.5201793721973094	0.11921891058581706
0.5190156599552572	0.11921891058581706
0.5178571428571429	0.11921891058581706
0.5167037861915368	0.11921891058581706
0.5155555555555555	0.11921891058581706
0.5144124168514412	0.11921891058581706
0.5154867256637168	0.1197327852004111
0.5143487858719646	0.1197327852004111
0.513215859030837	0.1197327852004111
0.512087912087912	0.1197327852004111
0.5131578947368421	0.12024665981500514
0.5120350109409191	0.12024665981500514
0.5109170305676856	0.12024665981500514
0.5098039215686274	0.12024665981500514
0.508695652173913	0.12024665981500514
0.5097613882863341	0.12076053442959918
0.5108225108225108	0.12127440904419322
0.5118790496760259	0.12178828365878726
0.5129310344827587	0.1223021582733813
0.5118279569892473	0.1223021582733813
0.5107296137339056	0.1223021582733813
0.5096359743040685	0.1223021582733813
0.5085470085470085	0.1223021582733813
0.5074626865671642	0.1223021582733813
0.5063829787234042	0.1223021582733813
0.505307855626327	0.1223021582733813
0.5042372881355932	0.1223021582733813
0.5031712473572939	0.1223021582733813
0.5021097046413502	0.1223021582733813
0.5010526315789474	0.1223021582733813
0.5	0.1223021582733813
0.4989517819706499	0.1223021582733813
0.497907949790795	0.1223021582733813
0.4968684759916493	0.1223021582733813
0.49583333333333335	0.1223021582733813
0.49480249480249483	0.1223021582733813
0.49377593360995853	0.1223021582733813
0.4927536231884058	0.1223021582733813
0.493801652892562	0.12281603288797534
0.4948453608247423	0.12332990750256938
0.49588477366255146	0.12384378211716342
0.49691991786447637	0.12435765673175746
0.4959016393442623	0.12435765673175746
0.49693251533742333	0.1248715313463515
0.49795918367346936	0.12538540596094552
0.4989816700610998	0.12589928057553956
0.49796747967479676	0.12589928057553956
0.4969574036511156	0.12589928057553956
0.4959514170040486	0.12589928057553956
0.494949494949495	0.12589928057553956
0.4959677419354839	0.1264131551901336
0.4949698189134809	0.1264131551901336
0.4939759036144578	0.1264131551901336
0.49498997995991983	0.12692702980472764
0.496	0.12744090441932168
0.49700598802395207	0.12795477903391572
0.4960159362549801	0.12795477903391572
0.4970178926441352	0.12846865364850976
0.498015873015873	0.1289825282631038
0.497029702970297	0.1289825282631038
0.4980237154150198	0.12949640287769784
0.4970414201183432	0.12949640287769784
0.49606299212598426	0.12949640287769784
0.4950884086444008	0.12949640287769784
0.49411764705882355	0.12949640287769784
0.4931506849315068	0.12949640287769784
0.4921875	0.12949640287769784
0.49122807017543857	0.12949640287769784
0.490272373540856	0.12949640287769784
0.4893203883495146	0.12949640287769784
0.4903100775193798	0.13001027749229188
0.48936170212765956	0.13001027749229188
0.48841698841698844	0.13001027749229188
0.48747591522157996	0.13001027749229188
0.48653846153846153	0.13001027749229188
0.4856046065259117	0.13001027749229188
0.4846743295019157	0.13001027749229188
0.4837476099426386	0.13001027749229188
0.48282442748091603	0.13001027749229188
0.4819047619047619	0.13001027749229188
0.48098859315589354	0.13001027749229188
0.48007590132827327	0.13001027749229188
0.4791666666666667	0.13001027749229188
0.4782608695652174	0.13001027749229188
0.47735849056603774	0.13001027749229188
0.4764595103578154	0.13001027749229188
0.4755639097744361	0.13001027749229188
0.47654784240150094	0.13052415210688592
0.4756554307116105	0.13052415210688592
0.4766355140186916	0.13103802672147996
0.47761194029850745	0.131551901336074
0.478584729981378	0.13206577595066804
0.47769516728624534	0.13206577595066804
0.47866419294990725	0.13257965056526208
0.47962962962962963	0.13309352517985612
0.4787430683918669	0.13309352517985612
0.477859778597786	0.13309352517985612
0.47697974217311234	0.13309352517985612
0.47610294117647056	0.13309352517985612
0.47522935779816516	0.13309352517985612
0.47619047619047616	0.13360739979445016
0.4753199268738574	0.13360739979445016
0.4744525547445255	0.13360739979445016
0.47540983606557374	0.1341212744090442
0.4763636363636364	0.13463514902363824
0.47549909255898365	0.13463514902363824
0.4746376811594203	0.13463514902363824
0.4755877034358047	0.13514902363823228
0.4747292418772563	0.13514902363823228
0.47387387387387386	0.13514902363823228
0.47302158273381295	0.13514902363823228
0.47217235188509876	0.13514902363823228
0.4731182795698925	0.13566289825282632
0.47227191413237923	0.13566289825282632
0.4714285714285714	0.13566289825282632
0.47058823529411764	0.13566289825282632
0.4697508896797153	0.13566289825282632
0.4689165186500888	0.13566289825282632
0.46808510638297873	0.13566289825282632
0.4690265486725664	0.13617677286742036
0.46996466431095407	0.1366906474820144
0.4691358024691358	0.1366906474820144
0.47007042253521125	0.13720452209660844
0.46924428822495606	0.13720452209660844
0.47017543859649125	0.13771839671120248
0.46935201401050786	0.13771839671120248
0.46853146853146854	0.13771839671120248
0.4677137870855148	0.13771839671120248
0.4686411149825784	0.13823227132579652
0.4678260869565217	0.13823227132579652
0.4670138888888889	0.13823227132579652
0.4662045060658579	0.13823227132579652
0.46539792387543255	0.13823227132579652
0.46459412780656306	0.13823227132579652
0.46379310344827585	0.13823227132579652
0.46471600688468157	0.13874614594039056
0.46563573883161513	0.13926002055498457
0.4665523156089194	0.1397738951695786
0.4657534246575342	0.1397738951695786
0.4666666666666667	0.14028776978417265
0.4658703071672355	0.14028776978417265
0.46507666098807493	0.14028776978417265
0.46598639455782315	0.1408016443987667
0.46519524617996605	0.1408016443987667
0.46440677966101696	0.1408016443987667
0.4653130287648054	0.14131551901336073
0.46621621621621623	0.14182939362795477
0.4654300168634064	0.14182939362795477
0.46464646464646464	0.14182939362795477
0.4638655462184874	0.14182939362795477
0.46476510067114096	0.1423432682425488
0.4656616415410385	0.14285714285714285
0.46488294314381273	0.14285714285714285
0.46410684474123537	0.14285714285714285
0.465	0.1433710174717369
0.46422628951747086	0.1433710174717369
0.4634551495016611	0.1433710174717369
0.4626865671641791	0.1433710174717369
0.46192052980132453	0.1433710174717369
0.46115702479338844	0.1433710174717369
0.4603960396039604	0.1433710174717369
0.4596375617792422	0.1433710174717369
0.4588815789473684	0.1433710174717369
0.458128078817734	0.1433710174717369
0.45737704918032784	0.1433710174717369
0.45662847790507366	0.1433710174717369
0.45588235294117646	0.1433710174717369
0.4551386623164764	0.1433710174717369
0.4543973941368078	0.1433710174717369
0.45365853658536587	0.1433710174717369
0.45454545454545453	0.14388489208633093
0.4538087520259319	0.14388489208633093
0.45307443365695793	0.14388489208633093
0.45234248788368336	0.14388489208633093
0.4532258064516129	0.14439876670092497
0.4524959742351047	0.14439876670092497
0.4517684887459807	0.14439876670092497
0.4510433386837881	0.14439876670092497
0.45032051282051283	0.14439876670092497
0.4496	0.14439876670092497
0.4488817891373802	0.14439876670092497
0.4481658692185008	0.14439876670092497
0.44745222929936307	0.14439876670092497
0.4467408585055644	0.14439876670092497
0.44603174603174606	0.14439876670092497
0.44532488114104596	0.14439876670092497
0.44462025316455694	0.14439876670092497
0.44549763033175355	0.144912641315519
0.44637223974763407	0.14542651593011305
0.4456692913385827	0.14542651593011305
0.44654088050314467	0.1459403905447071
0.44583987441130296	0.1459403905447071
0.445141065830721	0.1459403905447071
0.4444444444444444	0.1459403905447071
0.44375	0.1459403905447071
0.44305772230889234	0.1459403905447071
0.4423676012461059	0.1459403905447071
0.4416796267496112	0.1459403905447071
0.4409937888198758	0.1459403905447071
0.44031007751937984	0.1459403905447071
0.43962848297213625	0.1459403905447071
0.43894899536321486	0.1459403905447071
0.4382716049382716	0.1459403905447071
0.4391371340523883	0.14645426515930113
0.44	0.14696813977389517
0.4393241167434716	0.14696813977389517
0.4386503067484663	0.14696813977389517
0.43797856049004597	0.14696813977389517
0.43730886850152906	0.14696813977389517
0.4366412213740458	0.14696813977389517
0.43597560975609756	0.14696813977389517
0.4368340943683409	0.1474820143884892
0.4376899696048632	0.14799588900308325
0.4385432473444613	0.1485097636176773
0.43787878787878787	0.1485097636176773
0.43872919818456885	0.14902363823227133
0.4395770392749245	0.14953751284686537
0.43891402714932126	0.14953751284686537
0.4382530120481928	0.14953751284686537
0.43759398496240604	0.14953751284686537
0.4369369369369369	0.14953751284686537
0.4362818590704648	0.14953751284686537
0.437125748502994	0.1500513874614594
0.43647234678624813	0.1500513874614594
0.43582089552238806	0.1500513874614594
0.43517138599105815	0.1500513874614594
0.43452380952380953	0.1500513874614594
0.43536404160475484	0.15056526207605345
0.43471810089020774	0.15056526207605345
0.43555555555555553	0.1510791366906475
0.4349112426035503	0.1510791366906475
0.4342688330871492	0.1510791366906475
0.4336283185840708	0.1510791366906475
0.4329896907216495	0.1510791366906475
0.4323529411764706	0.1510791366906475
0.43171806167400884	0.1510791366906475
0.4310850439882698	0.1510791366906475
0.43191800878477304	0.15159301130524153
0.43128654970760233	0.15159301130524153
0.4306569343065693	0.15159301130524153
0.43002915451895046	0.15159301130524153
0.4294032023289665	0.15159301130524153
0.42877906976744184	0.15159301130524153
0.4296081277213353	0.15210688591983557
0.43043478260869567	0.1526207605344296
0.4312590448625181	0.15313463514902365
0.430635838150289	0.15313463514902365
0.43001443001443	0.15313463514902365
0.42939481268011526	0.15313463514902365
0.4287769784172662	0.15313463514902365
0.4295977011494253	0.15364850976361769
0.42898134863701576	0.15364850976361769
0.4297994269340974	0.15416238437821173
0.4291845493562232	0.15416238437821173
0.43	0.15467625899280577
0.42938659058487877	0.15467625899280577
0.4287749287749288	0.15467625899280577
0.42816500711237554	0.15467625899280577
0.4275568181818182	0.15467625899280577
0.42836879432624114	0.1551901336073998
0.42776203966005666	0.1551901336073998
0.42857142857142855	0.15570400822199384
0.4279661016949153	0.15570400822199384
0.42736248236953456	0.15570400822199384
0.4267605633802817	0.15570400822199384
0.42616033755274263	0.15570400822199384
0.425561797752809	0.15570400822199384
0.42496493688639553	0.15570400822199384
0.42436974789915966	0.15570400822199384
0.42377622377622376	0.15570400822199384
0.4245810055865922	0.15621788283658788
0.42398884239888424	0.15621788283658788
0.4233983286908078	0.15621788283658788
0.4228094575799722	0.15621788283658788
0.4236111111111111	0.15673175745118192
0.42302357836338417	0.15673175745118192
0.4224376731301939	0.15673175745118192
0.42323651452282157	0.15724563206577596
0.42265193370165743	0.15724563206577596
0.4220689655172414	0.15724563206577596
0.4214876033057851	0.15724563206577596
0.42090784044016505	0.15724563206577596
0.4217032967032967	0.15775950668036998
0.42112482853223593	0.15775950668036998
0.42054794520547945	0.15775950668036998
0.41997264021887826	0.15775950668036998
0.4207650273224044	0.15827338129496402
0.4201909959072306	0.15827338129496402
0.4209809264305177	0.15878725590955806
0.4204081632653061	0.15878725590955806
0.41983695652173914	0.15878725590955806
0.4206241519674355	0.1593011305241521
0.42005420054200543	0.1593011305241521
0.4208389715832206	0.15981500513874614
0.42162162162162165	0.16032887975334018
0.42105263157894735	0.16032887975334018
0.42183288409703507	0.16084275436793422
0.4226110363391655	0.16135662898252826
0.42338709677419356	0.1618705035971223
0.4228187919463087	0.1618705035971223
0.4222520107238606	0.1618705035971223
0.42302543507362783	0.16238437821171633
0.42245989304812837	0.16238437821171633
0.4218958611481976	0.16238437821171633
0.42133333333333334	0.16238437821171633
0.4207723035952064	0.16238437821171633
0.42154255319148937	0.16289825282631037
0.4209827357237716	0.16289825282631037
0.4204244031830239	0.16289825282631037
0.4198675496688742	0.16289825282631037
0.4193121693121693	0.16289825282631037
0.4187582562747688	0.16289825282631037
0.4182058047493404	0.16289825282631037
0.4189723320158103	0.16341212744090441
0.41842105263157897	0.16341212744090441
0.4178712220762155	0.16341212744090441
0.41732283464566927	0.16341212744090441
0.4167758846657929	0.16341212744090441
0.4162303664921466	0.16341212744090441
0.41568627450980394	0.16341212744090441
0.4164490861618799	0.16392600205549845
0.41590612777053454	0.16392600205549845
0.4153645833333333	0.16392600205549845
0.41482444733420026	0.16392600205549845
0.4142857142857143	0.16392600205549845
0.41374837872892345	0.16392600205549845
0.41321243523316065	0.16392600205549845
0.4126778783958603	0.16392600205549845
0.41214470284237725	0.16392600205549845
0.41161290322580646	0.16392600205549845
0.4110824742268041	0.16392600205549845
0.41055341055341055	0.16392600205549845
0.41002570694087404	0.16392600205549845
0.40949935815147626	0.16392600205549845
0.40897435897435896	0.16392600205549845
0.4084507042253521	0.16392600205549845
0.4079283887468031	0.16392600205549845
0.4074074074074074	0.16392600205549845
0.40688775510204084	0.16392600205549845
0.40764331210191085	0.1644398766700925
0.4071246819338422	0.1644398766700925
0.40660736975857686	0.1644398766700925
0.40609137055837563	0.1644398766700925
0.4068441064638783	0.16495375128468653
0.40632911392405063	0.16495375128468653
0.40581542351453853	0.16495375128468653
0.4053030303030303	0.16495375128468653
0.4047919293820933	0.16495375128468653
0.40428211586901763	0.16495375128468653
0.4037735849056604	0.16495375128468653
0.40326633165829145	0.16495375128468653
0.4027603513174404	0.16495375128468653
0.40225563909774437	0.16495375128468653
0.40175219023779724	0.16495375128468653
0.40125	0.16495375128468653
0.40074906367041196	0.16495375128468653
0.4002493765586035	0.16495375128468653
0.39975093399750933	0.16495375128468653
0.39925373134328357	0.16495375128468653
0.4	0.16546762589928057
0.40074441687344914	0.1659815005138746
0.40024783147459725	0.1659815005138746
0.3997524752475248	0.1659815005138746
0.4004944375772559	0.16649537512846865
0.4	0.16649537512846865
0.3995067817509248	0.16649537512846865
0.39901477832512317	0.16649537512846865
0.3997539975399754	0.1670092497430627
0.39926289926289926	0.1670092497430627
0.3987730061349693	0.1670092497430627
0.39828431372549017	0.1670092497430627
0.3990208078335373	0.16752312435765673
0.39975550122249387	0.16803699897225077
0.3992673992673993	0.16803699897225077
0.39878048780487807	0.16803699897225077
0.3982947624847747	0.16803699897225077
0.3978102189781022	0.16803699897225077
0.3985419198055893	0.1685508735868448
0.39927184466019416	0.16906474820143885
0.3987878787878788	0.16906474820143885
0.3983050847457627	0.16906474820143885
0.3978234582829504	0.16906474820143885
0.3973429951690821	0.16906474820143885
0.3968636911942099	0.16906474820143885
0.3963855421686747	0.16906474820143885
0.39590854392298436	0.16906474820143885
0.39663461538461536	0.1695786228160329
0.39615846338535415	0.1695786228160329
0.39568345323741005	0.1695786228160329
0.39520958083832336	0.1695786228160329
