0.0	0.0
0.5	0.002277904328018223
0.6666666666666666	0.004555808656036446
0.75	0.00683371298405467
0.8	0.009111617312072893
0.8333333333333334	0.011389521640091117
0.8571428571428571	0.01366742596810934
0.875	0.015945330296127564
0.8888888888888888	0.018223234624145785
0.9	0.02050113895216401
0.9090909090909091	0.022779043280182234
0.9166666666666666	0.025056947608200455
0.9230769230769231	0.02733485193621868
0.9285714285714286	0.029612756264236904
0.9333333333333333	0.03189066059225513
0.9375	0.03416856492027335
0.9411764705882353	0.03644646924829157
0.9444444444444444	0.0387243735763098
0.9473684210526315	0.04100227790432802
0.95	0.04328018223234624
0.9047619047619048	0.04328018223234624
0.9090909090909091	0.04555808656036447
0.9130434782608695	0.04783599088838269
0.9166666666666666	0.05011389521640091
0.92	0.05239179954441914
0.9230769230769231	0.05466970387243736
0.8888888888888888	0.05466970387243736
0.8928571428571429	0.05694760820045558
0.896551724137931	0.05922551252847381
0.9	0.06150341685649203
0.9032258064516129	0.06378132118451026
0.90625	0.06605922551252848
0.9090909090909091	0.0683371298405467
0.9117647058823529	0.07061503416856492
0.9142857142857143	0.07289293849658314
0.9166666666666666	0.07517084282460136
0.918918918918919	0.0774487471526196
0.9210526315789473	0.07972665148063782
0.8974358974358975	0.07972665148063782
0.875	0.07972665148063782
0.8536585365853658	0.07972665148063782
0.8333333333333334	0.07972665148063782
0.8372093023255814	0.08200455580865604
0.8409090909090909	0.08428246013667426
0.8444444444444444	0.08656036446469248
0.8478260869565217	0.0888382687927107
0.851063829787234	0.09111617312072894
0.8541666666666666	0.09339407744874716
0.8571428571428571	0.09567198177676538
0.86	0.0979498861047836
0.8627450980392157	0.10022779043280182
0.8653846153846154	0.10250569476082004
0.8679245283018868	0.10478359908883828
0.8703703703703703	0.1070615034168565
0.8727272727272727	0.10933940774487472
0.8571428571428571	0.10933940774487472
0.8596491228070176	0.11161731207289294
0.8448275862068966	0.11161731207289294
0.847457627118644	0.11389521640091116
0.85	0.11617312072892938
0.8360655737704918	0.11617312072892938
0.8225806451612904	0.11617312072892938
0.8095238095238095	0.11617312072892938
0.796875	0.11617312072892938
0.8	0.11845102505694761
0.803030303030303	0.12072892938496584
0.8059701492537313	0.12300683371298406
0.8088235294117647	0.1252847380410023
0.8115942028985508	0.1275626423690205
0.8	0.1275626423690205
0.8028169014084507	0.12984054669703873
0.8055555555555556	0.13211845102505695
0.7945205479452054	0.13211845102505695
0.7972972972972973	0.13439635535307518
0.8	0.1366742596810934
0.7894736842105263	0.1366742596810934
0.7922077922077922	0.13895216400911162
0.7948717948717948	0.14123006833712984
0.7974683544303798	0.14350797266514806
0.7875	0.14350797266514806
0.7901234567901234	0.14578587699316628
0.7804878048780488	0.14578587699316628
0.7831325301204819	0.1480637813211845
0.7857142857142857	0.15034168564920272
0.788235294117647	0.15261958997722094
0.7790697674418605	0.15261958997722094
0.7816091954022989	0.1548974943052392
0.7840909090909091	0.1571753986332574
0.7865168539325843	0.15945330296127563
0.7888888888888889	0.16173120728929385
0.7912087912087912	0.16400911161731208
0.7934782608695652	0.1662870159453303
0.7956989247311828	0.16856492027334852
0.7978723404255319	0.17084282460136674
0.8	0.17312072892938496
0.8020833333333334	0.17539863325740318
0.8041237113402062	0.1776765375854214
0.8061224489795918	0.17995444191343962
0.8080808080808081	0.18223234624145787
0.81	0.1845102505694761
0.801980198019802	0.1845102505694761
0.803921568627451	0.1867881548974943
0.8058252427184466	0.18906605922551253
0.8076923076923077	0.19134396355353075
0.8095238095238095	0.19362186788154898
0.8113207547169812	0.1958997722095672
0.8037383177570093	0.1958997722095672
0.8055555555555556	0.19817767653758542
0.8073394495412844	0.20045558086560364
0.8090909090909091	0.20273348519362186
0.8108108108108109	0.20501138952164008
0.8125	0.2072892938496583
0.8141592920353983	0.20956719817767655
0.8070175438596491	0.20956719817767655
0.808695652173913	0.21184510250569477
0.8103448275862069	0.214123006833713
0.811965811965812	0.2164009111617312
0.8050847457627118	0.2164009111617312
0.8067226890756303	0.21867881548974943
0.8083333333333333	0.22095671981776766
0.8099173553719008	0.22323462414578588
0.8032786885245902	0.22323462414578588
0.8048780487804879	0.2255125284738041
0.8064516129032258	0.22779043280182232
0.808	0.23006833712984054
0.8015873015873016	0.23006833712984054
0.8031496062992126	0.23234624145785876
0.796875	0.23234624145785876
0.7984496124031008	0.23462414578587698
0.8	0.23690205011389523
0.7938931297709924	0.23690205011389523
0.7954545454545454	0.23917995444191345
0.7894736842105263	0.23917995444191345
