0.0	0.0
0.5	0.08333333333333333
0.3333333333333333	0.08333333333333333
0.25	0.08333333333333333
0.2	0.08333333333333333
0.16666666666666666	0.08333333333333333
0.2857142857142857	0.16666666666666666
0.25	0.16666666666666666
0.3333333333333333	0.25
0.3	0.25
0.2727272727272727	0.25
0.25	0.25
0.3076923076923077	0.3333333333333333
0.2857142857142857	0.3333333333333333
0.26666666666666666	0.3333333333333333
0.25	0.3333333333333333
0.23529411764705882	0.3333333333333333
0.2222222222222222	0.3333333333333333
0.21052631578947367	0.3333333333333333
0.2	0.3333333333333333
0.19047619047619047	0.3333333333333333
0.18181818181818182	0.3333333333333333
0.17391304347826086	0.3333333333333333
0.16666666666666666	0.3333333333333333
0.16	0.3333333333333333
0.15384615384615385	0.3333333333333333
0.14814814814814814	0.3333333333333333
0.14285714285714285	0.3333333333333333
0.13793103448275862	0.3333333333333333
0.13333333333333333	0.3333333333333333
0.12903225806451613	0.3333333333333333
0.125	0.3333333333333333
0.12121212121212122	0.3333333333333333
0.11764705882352941	0.3333333333333333
0.11428571428571428	0.3333333333333333
0.1111111111111111	0.3333333333333333
0.10810810810810811	0.3333333333333333
0.10526315789473684	0.3333333333333333
0.10256410256410256	0.3333333333333333
0.1	0.3333333333333333
0.0975609756097561	0.3333333333333333
0.09523809523809523	0.3333333333333333
0.09302325581395349	0.3333333333333333
0.09090909090909091	0.3333333333333333
0.08888888888888889	0.3333333333333333
0.08695652173913043	0.3333333333333333
0.0851063829787234	0.3333333333333333
0.08333333333333333	0.3333333333333333
0.08163265306122448	0.3333333333333333
0.1	0.4166666666666667
0.09803921568627451	0.4166666666666667
0.09615384615384616	0.4166666666666667
0.09433962264150944	0.4166666666666667
0.09259259259259259	0.4166666666666667
0.09090909090909091	0.4166666666666667
0.08928571428571429	0.4166666666666667
0.08771929824561403	0.4166666666666667
0.08620689655172414	0.4166666666666667
0.0847457627118644	0.4166666666666667
0.08333333333333333	0.4166666666666667
0.08196721311475409	0.4166666666666667
0.08064516129032258	0.4166666666666667
0.07936507936507936	0.4166666666666667
0.078125	0.4166666666666667
0.07692307692307693	0.4166666666666667
0.07575757575757576	0.4166666666666667
0.07462686567164178	0.4166666666666667
0.07352941176470588	0.4166666666666667
0.07246376811594203	0.4166666666666667
0.07142857142857142	0.4166666666666667
0.07042253521126761	0.4166666666666667
0.06944444444444445	0.4166666666666667
0.0684931506849315	0.4166666666666667
0.06756756756756757	0.4166666666666667
0.06666666666666667	0.4166666666666667
0.06578947368421052	0.4166666666666667
0.06493506493506493	0.4166666666666667
0.0641025641025641	0.4166666666666667
0.06329113924050633	0.4166666666666667
0.0625	0.4166666666666667
0.06172839506172839	0.4166666666666667
0.06097560975609756	0.4166666666666667
0.060240963855421686	0.4166666666666667
0.05952380952380952	0.4166666666666667
0.058823529411764705	0.4166666666666667
0.05813953488372093	0.4166666666666667
0.05747126436781609	0.4166666666666667
0.056818181818181816	0.4166666666666667
0.056179775280898875	0.4166666666666667
0.05555555555555555	0.4166666666666667
0.054945054945054944	0.4166666666666667
0.05434782608695652	0.4166666666666667
0.053763440860215055	0.4166666666666667
0.05319148936170213	0.4166666666666667
0.05263157894736842	0.4166666666666667
0.052083333333333336	0.4166666666666667
0.05154639175257732	0.4166666666666667
0.05102040816326531	0.4166666666666667
0.050505050505050504	0.4166666666666667
