0.0	0.0
0.5	0.041666666666666664
0.6666666666666666	0.08333333333333333
0.5	0.08333333333333333
0.6	0.125
0.5	0.125
0.42857142857142855	0.125
0.375	0.125
0.3333333333333333	0.125
0.3	0.125
0.2727272727272727	0.125
0.25	0.125
0.23076923076923078	0.125
0.21428571428571427	0.125
0.2	0.125
0.1875	0.125
0.17647058823529413	0.125
0.16666666666666666	0.125
0.15789473684210525	0.125
0.15	0.125
0.14285714285714285	0.125
0.13636363636363635	0.125
0.13043478260869565	0.125
0.125	0.125
0.12	0.125
0.11538461538461539	0.125
0.1111111111111111	0.125
0.10714285714285714	0.125
0.10344827586206896	0.125
0.1	0.125
