0.0	0.0
0.0	0.0
0.3333333333333333	0.016666666666666666
0.25	0.016666666666666666
0.2	0.016666666666666666
0.16666666666666666	0.016666666666666666
0.14285714285714285	0.016666666666666666
0.125	0.016666666666666666
0.1111111111111111	0.016666666666666666
0.1	0.016666666666666666
0.09090909090909091	0.016666666666666666
0.16666666666666666	0.03333333333333333
0.15384615384615385	0.03333333333333333
0.14285714285714285	0.03333333333333333
0.13333333333333333	0.03333333333333333
0.1875	0.05
0.17647058823529413	0.05
0.16666666666666666	0.05
0.15789473684210525	0.05
0.15	0.05
0.14285714285714285	0.05
0.13636363636363635	0.05
0.13043478260869565	0.05
0.125	0.05
0.16	0.06666666666666667
0.15384615384615385	0.06666666666666667
0.14814814814814814	0.06666666666666667
0.14285714285714285	0.06666666666666667
0.13793103448275862	0.06666666666666667
0.13333333333333333	0.06666666666666667
0.12903225806451613	0.06666666666666667
0.125	0.06666666666666667
0.12121212121212122	0.06666666666666667
0.11764705882352941	0.06666666666666667
0.11428571428571428	0.06666666666666667
0.1111111111111111	0.06666666666666667
0.10810810810810811	0.06666666666666667
0.13157894736842105	0.08333333333333333
0.15384615384615385	0.1
0.15	0.1
0.14634146341463414	0.1
0.14285714285714285	0.1
0.13953488372093023	0.1
0.13636363636363635	0.1
0.13333333333333333	0.1
0.15217391304347827	0.11666666666666667
0.14893617021276595	0.11666666666666667
0.14583333333333334	0.11666666666666667
0.14285714285714285	0.11666666666666667
0.14	0.11666666666666667
0.13725490196078433	0.11666666666666667
0.15384615384615385	0.13333333333333333
0.1509433962264151	0.13333333333333333
0.14814814814814814	0.13333333333333333
0.14545454545454545	0.13333333333333333
0.14285714285714285	0.13333333333333333
0.14035087719298245	0.13333333333333333
0.15517241379310345	0.15
0.15254237288135594	0.15
0.15	0.15
0.14754098360655737	0.15
0.14516129032258066	0.15
0.15873015873015872	0.16666666666666666
0.15625	0.16666666666666666
0.15384615384615385	0.16666666666666666
0.15151515151515152	0.16666666666666666
0.14925373134328357	0.16666666666666666
0.14705882352941177	0.16666666666666666
0.14492753623188406	0.16666666666666666
0.14285714285714285	0.16666666666666666
0.15492957746478872	0.18333333333333332
0.1527777777777778	0.18333333333333332
0.1506849315068493	0.18333333333333332
0.14864864864864866	0.18333333333333332
0.16	0.2
0.15789473684210525	0.2
0.15584415584415584	0.2
0.15384615384615385	0.2
0.1518987341772152	0.2
0.1625	0.21666666666666667
0.16049382716049382	0.21666666666666667
0.15853658536585366	0.21666666666666667
0.1566265060240964	0.21666666666666667
0.16666666666666666	0.23333333333333334
0.16470588235294117	0.23333333333333334
0.16279069767441862	0.23333333333333334
0.16091954022988506	0.23333333333333334
0.1590909090909091	0.23333333333333334
0.15730337078651685	0.23333333333333334
0.15555555555555556	0.23333333333333334
0.16483516483516483	0.25
0.16304347826086957	0.25
0.16129032258064516	0.25
0.1595744680851064	0.25
0.15789473684210525	0.25
0.15625	0.25
0.15463917525773196	0.25
0.15306122448979592	0.25
0.15151515151515152	0.25
