1.0	0.011235955056179775
1.0	0.02247191011235955
1.0	0.033707865168539325
1.0	0.0449438202247191
1.0	0.056179775280898875
1.0	0.06741573033707865
1.0	0.07865168539325842
1.0	0.0898876404494382
1.0	0.10112359550561797
1.0	0.11235955056179775
0.9090909090909091	0.11235955056179775
0.9166666666666666	0.12359550561797752
0.9230769230769231	0.1348314606741573
0.9285714285714286	0.14606741573033707
0.9333333333333333	0.15730337078651685
0.9375	0.16853932584269662
0.9411764705882353	0.1797752808988764
0.9444444444444444	0.19101123595505617
0.9473684210526315	0.20224719101123595
0.9	0.20224719101123595
0.9047619047619048	0.21348314606741572
0.8636363636363636	0.21348314606741572
0.8260869565217391	0.21348314606741572
0.8333333333333334	0.2247191011235955
0.8	0.2247191011235955
0.7692307692307693	0.2247191011235955
0.7407407407407407	0.2247191011235955
0.7142857142857143	0.2247191011235955
0.6896551724137931	0.2247191011235955
0.6666666666666666	0.2247191011235955
0.6451612903225806	0.2247191011235955
0.625	0.2247191011235955
0.6060606060606061	0.2247191011235955
0.5882352941176471	0.2247191011235955
0.5714285714285714	0.2247191011235955
0.5555555555555556	0.2247191011235955
0.5675675675675675	0.23595505617977527
0.5789473684210527	0.24719101123595505
0.5641025641025641	0.24719101123595505
0.575	0.25842696629213485
0.5609756097560976	0.25842696629213485
0.5476190476190477	0.25842696629213485
0.5348837209302325	0.25842696629213485
0.5454545454545454	0.2696629213483146
0.5555555555555556	0.2808988764044944
0.5434782608695652	0.2808988764044944
0.5319148936170213	0.2808988764044944
0.5208333333333334	0.2808988764044944
0.5102040816326531	0.2808988764044944
0.5	0.2808988764044944
0.49019607843137253	0.2808988764044944
0.4807692307692308	0.2808988764044944
0.4716981132075472	0.2808988764044944
0.46296296296296297	0.2808988764044944
0.45454545454545453	0.2808988764044944
0.4642857142857143	0.29213483146067415
0.45614035087719296	0.29213483146067415
0.46551724137931033	0.30337078651685395
0.4576271186440678	0.30337078651685395
0.4666666666666667	0.3146067415730337
0.45901639344262296	0.3146067415730337
0.45161290322580644	0.3146067415730337
0.4444444444444444	0.3146067415730337
0.4375	0.3146067415730337
0.4307692307692308	0.3146067415730337
0.42424242424242425	0.3146067415730337
0.417910447761194	0.3146067415730337
0.4117647058823529	0.3146067415730337
0.42028985507246375	0.3258426966292135
0.4142857142857143	0.3258426966292135
0.4084507042253521	0.3258426966292135
0.4166666666666667	0.33707865168539325
0.410958904109589	0.33707865168539325
0.40540540540540543	0.33707865168539325
0.4	0.33707865168539325
0.40789473684210525	0.34831460674157305
0.4025974025974026	0.34831460674157305
0.3974358974358974	0.34831460674157305
0.3924050632911392	0.34831460674157305
0.3875	0.34831460674157305
0.38271604938271603	0.34831460674157305
0.3780487804878049	0.34831460674157305
0.37349397590361444	0.34831460674157305
0.36904761904761907	0.34831460674157305
0.36470588235294116	0.34831460674157305
0.36046511627906974	0.34831460674157305
0.3563218390804598	0.34831460674157305
0.3522727272727273	0.34831460674157305
0.34831460674157305	0.34831460674157305
0.34444444444444444	0.34831460674157305
0.34065934065934067	0.34831460674157305
0.33695652173913043	0.34831460674157305
0.3333333333333333	0.34831460674157305
0.32978723404255317	0.34831460674157305
0.3263157894736842	0.34831460674157305
0.3229166666666667	0.34831460674157305
0.31958762886597936	0.34831460674157305
0.3163265306122449	0.34831460674157305
0.31313131313131315	0.34831460674157305
0.31	0.34831460674157305
