1.0	0.0031847133757961785
1.0	0.006369426751592357
1.0	0.009554140127388535
1.0	0.012738853503184714
1.0	0.01592356687898089
1.0	0.01910828025477707
1.0	0.022292993630573247
1.0	0.025477707006369428
1.0	0.028662420382165606
1.0	0.03184713375796178
1.0	0.03503184713375796
1.0	0.03821656050955414
0.9230769230769231	0.03821656050955414
0.9285714285714286	0.041401273885350316
0.8666666666666667	0.041401273885350316
0.8125	0.041401273885350316
0.7647058823529411	0.041401273885350316
0.7222222222222222	0.041401273885350316
0.6842105263157895	0.041401273885350316
0.65	0.041401273885350316
0.6190476190476191	0.041401273885350316
0.5909090909090909	0.041401273885350316
0.5652173913043478	0.041401273885350316
0.5416666666666666	0.041401273885350316
0.52	0.041401273885350316
0.5384615384615384	0.044585987261146494
0.5555555555555556	0.04777070063694268
0.5357142857142857	0.04777070063694268
0.5172413793103449	0.04777070063694268
0.5333333333333333	0.050955414012738856
0.5483870967741935	0.054140127388535034
0.5625	0.05732484076433121
0.5757575757575758	0.06050955414012739
0.5588235294117647	0.06050955414012739
0.5428571428571428	0.06050955414012739
0.5277777777777778	0.06050955414012739
0.5405405405405406	0.06369426751592357
0.5526315789473685	0.06687898089171974
0.5384615384615384	0.06687898089171974
0.55	0.07006369426751592
0.5609756097560976	0.0732484076433121
0.5714285714285714	0.07643312101910828
0.5813953488372093	0.07961783439490445
0.5909090909090909	0.08280254777070063
0.6	0.08598726114649681
0.5869565217391305	0.08598726114649681
0.5957446808510638	0.08917197452229299
0.6041666666666666	0.09235668789808917
0.6122448979591837	0.09554140127388536
0.6	0.09554140127388536
0.6078431372549019	0.09872611464968153
0.6153846153846154	0.10191082802547771
0.6037735849056604	0.10191082802547771
0.5925925925925926	0.10191082802547771
0.6	0.10509554140127389
0.6071428571428571	0.10828025477707007
0.6140350877192983	0.11146496815286625
0.6206896551724138	0.11464968152866242
0.6271186440677966	0.1178343949044586
0.6333333333333333	0.12101910828025478
0.639344262295082	0.12420382165605096
0.6290322580645161	0.12420382165605096
0.6349206349206349	0.12738853503184713
0.640625	0.1305732484076433
0.6461538461538462	0.1337579617834395
0.6515151515151515	0.13694267515923567
0.6567164179104478	0.14012738853503184
0.6617647058823529	0.14331210191082802
0.6666666666666666	0.1464968152866242
0.6714285714285714	0.14968152866242038
0.6619718309859155	0.14968152866242038
0.6666666666666666	0.15286624203821655
0.6712328767123288	0.15605095541401273
0.6756756756756757	0.1592356687898089
0.68	0.1624203821656051
0.6842105263157895	0.16560509554140126
0.6883116883116883	0.16878980891719744
0.6923076923076923	0.17197452229299362
0.6962025316455697	0.1751592356687898
0.7	0.17834394904458598
0.691358024691358	0.17834394904458598
0.6829268292682927	0.17834394904458598
0.6746987951807228	0.17834394904458598
0.6785714285714286	0.18152866242038215
0.6823529411764706	0.18471337579617833
0.686046511627907	0.18789808917197454
0.6781609195402298	0.18789808917197454
0.6704545454545454	0.18789808917197454
0.6629213483146067	0.18789808917197454
0.6555555555555556	0.18789808917197454
0.6483516483516484	0.18789808917197454
0.6521739130434783	0.1910828025477707
0.6559139784946236	0.1942675159235669
0.648936170212766	0.1942675159235669
0.6526315789473685	0.19745222929936307
0.65625	0.20063694267515925
0.6597938144329897	0.20382165605095542
0.6632653061224489	0.2070063694267516
0.6666666666666666	0.21019108280254778
0.67	0.21337579617834396
0.6732673267326733	0.21656050955414013
0.6666666666666666	0.21656050955414013
0.6601941747572816	0.21656050955414013
0.6634615384615384	0.2197452229299363
0.6666666666666666	0.2229299363057325
0.660377358490566	0.2229299363057325
0.6542056074766355	0.2229299363057325
0.6574074074074074	0.22611464968152867
0.6605504587155964	0.22929936305732485
0.6636363636363637	0.23248407643312102
0.6666666666666666	0.2356687898089172
0.6696428571428571	0.23885350318471338
0.6637168141592921	0.23885350318471338
0.6666666666666666	0.24203821656050956
0.6695652173913044	0.24522292993630573
0.6724137931034483	0.2484076433121019
0.6752136752136753	0.2515923566878981
0.6779661016949152	0.25477707006369427
0.680672268907563	0.25796178343949044
0.6833333333333333	0.2611464968152866
0.6859504132231405	0.2643312101910828
0.6885245901639344	0.267515923566879
0.6910569105691057	0.27070063694267515
0.6935483870967742	0.27388535031847133
0.696	0.2770700636942675
0.6984126984126984	0.2802547770700637
0.7007874015748031	0.28343949044585987
0.6953125	0.28343949044585987
0.6976744186046512	0.28662420382165604
0.7	0.2898089171974522
0.6946564885496184	0.2898089171974522
0.6893939393939394	0.2898089171974522
0.6917293233082706	0.2929936305732484
0.6865671641791045	0.2929936305732484
0.6814814814814815	0.2929936305732484
0.6764705882352942	0.2929936305732484
0.6715328467153284	0.2929936305732484
0.6666666666666666	0.2929936305732484
0.6618705035971223	0.2929936305732484
0.6571428571428571	0.2929936305732484
0.6524822695035462	0.2929936305732484
0.647887323943662	0.2929936305732484
0.6433566433566433	0.2929936305732484
0.6388888888888888	0.2929936305732484
0.6344827586206897	0.2929936305732484
0.636986301369863	0.2961783439490446
0.6394557823129252	0.29936305732484075
0.6351351351351351	0.29936305732484075
0.6308724832214765	0.29936305732484075
0.6333333333333333	0.30254777070063693
0.6357615894039735	0.3057324840764331
0.6381578947368421	0.3089171974522293
0.6339869281045751	0.3089171974522293
0.6298701298701299	0.3089171974522293
0.632258064516129	0.31210191082802546
0.6282051282051282	0.31210191082802546
0.6242038216560509	0.31210191082802546
0.620253164556962	0.31210191082802546
0.6163522012578616	0.31210191082802546
0.61875	0.31528662420382164
0.6149068322981367	0.31528662420382164
0.6111111111111112	0.31528662420382164
0.6134969325153374	0.3184713375796178
0.6097560975609756	0.3184713375796178
0.6060606060606061	0.3184713375796178
0.608433734939759	0.321656050955414
0.6107784431137725	0.3248407643312102
0.6130952380952381	0.32802547770700635
0.6094674556213018	0.32802547770700635
0.6058823529411764	0.32802547770700635
0.6081871345029239	0.33121019108280253
0.6104651162790697	0.3343949044585987
0.6069364161849711	0.3343949044585987
0.603448275862069	0.3343949044585987
0.6	0.3343949044585987
0.5965909090909091	0.3343949044585987
0.5988700564971752	0.3375796178343949
0.5955056179775281	0.3375796178343949
0.5921787709497207	0.3375796178343949
0.5888888888888889	0.3375796178343949
0.5911602209944752	0.34076433121019106
0.5879120879120879	0.34076433121019106
0.5846994535519126	0.34076433121019106
0.5815217391304348	0.34076433121019106
0.5783783783783784	0.34076433121019106
0.5752688172043011	0.34076433121019106
0.5721925133689839	0.34076433121019106
0.5691489361702128	0.34076433121019106
0.5661375661375662	0.34076433121019106
0.5684210526315789	0.34394904458598724
0.5654450261780105	0.34394904458598724
0.5625	0.34394904458598724
0.5595854922279793	0.34394904458598724
0.5567010309278351	0.34394904458598724
0.5538461538461539	0.34394904458598724
0.5510204081632653	0.34394904458598724
0.5482233502538071	0.34394904458598724
0.5454545454545454	0.34394904458598724
0.542713567839196	0.34394904458598724
0.54	0.34394904458598724
0.5373134328358209	0.34394904458598724
0.5346534653465347	0.34394904458598724
0.5320197044334976	0.34394904458598724
0.5294117647058824	0.34394904458598724
0.526829268292683	0.34394904458598724
0.5242718446601942	0.34394904458598724
0.5265700483091788	0.3471337579617834
0.5240384615384616	0.3471337579617834
0.5215311004784688	0.3471337579617834
0.5238095238095238	0.3503184713375796
0.5213270142180095	0.3503184713375796
0.5188679245283019	0.3503184713375796
0.5164319248826291	0.3503184713375796
0.514018691588785	0.3503184713375796
0.5162790697674419	0.3535031847133758
0.5138888888888888	0.3535031847133758
0.5161290322580645	0.35668789808917195
0.5137614678899083	0.35668789808917195
0.5114155251141552	0.35668789808917195
0.509090909090909	0.35668789808917195
0.5067873303167421	0.35668789808917195
0.5045045045045045	0.35668789808917195
0.5022421524663677	0.35668789808917195
0.5	0.35668789808917195
0.49777777777777776	0.35668789808917195
0.49557522123893805	0.35668789808917195
0.4977973568281938	0.35987261146496813
0.4956140350877193	0.35987261146496813
0.49344978165938863	0.35987261146496813
0.4956521739130435	0.3630573248407643
0.49783549783549785	0.3662420382165605
0.4956896551724138	0.3662420382165605
0.49356223175965663	0.3662420382165605
0.49145299145299143	0.3662420382165605
0.48936170212765956	0.3662420382165605
0.4915254237288136	0.36942675159235666
0.48945147679324896	0.36942675159235666
0.48739495798319327	0.36942675159235666
0.48535564853556484	0.36942675159235666
0.48333333333333334	0.36942675159235666
0.48132780082987553	0.36942675159235666
0.4793388429752066	0.36942675159235666
0.4773662551440329	0.36942675159235666
0.47540983606557374	0.36942675159235666
0.4775510204081633	0.37261146496815284
0.47560975609756095	0.37261146496815284
0.47368421052631576	0.37261146496815284
0.4717741935483871	0.37261146496815284
0.46987951807228917	0.37261146496815284
0.468	0.37261146496815284
0.4701195219123506	0.37579617834394907
0.46825396825396826	0.37579617834394907
0.466403162055336	0.37579617834394907
0.4645669291338583	0.37579617834394907
0.4627450980392157	0.37579617834394907
0.4609375	0.37579617834394907
0.4591439688715953	0.37579617834394907
0.4573643410852713	0.37579617834394907
0.4555984555984556	0.37579617834394907
0.45384615384615384	0.37579617834394907
0.4521072796934866	0.37579617834394907
0.45038167938931295	0.37579617834394907
0.4524714828897338	0.37898089171974525
0.45075757575757575	0.37898089171974525
0.4490566037735849	0.37898089171974525
0.4473684210526316	0.37898089171974525
0.44569288389513106	0.37898089171974525
0.44402985074626866	0.37898089171974525
0.4423791821561338	0.37898089171974525
0.44074074074074077	0.37898089171974525
0.43911439114391143	0.37898089171974525
0.4375	0.37898089171974525
0.43956043956043955	0.3821656050955414
0.43795620437956206	0.3821656050955414
0.43636363636363634	0.3821656050955414
0.43478260869565216	0.3821656050955414
0.4368231046931408	0.3853503184713376
0.4352517985611511	0.3853503184713376
0.4336917562724014	0.3853503184713376
0.43214285714285716	0.3853503184713376
0.4306049822064057	0.3853503184713376
0.42907801418439717	0.3853503184713376
0.4275618374558304	0.3853503184713376
0.426056338028169	0.3853503184713376
0.4280701754385965	0.3885350318471338
0.42657342657342656	0.3885350318471338
0.4250871080139373	0.3885350318471338
0.4236111111111111	0.3885350318471338
0.42214532871972316	0.3885350318471338
0.4206896551724138	0.3885350318471338
0.41924398625429554	0.3885350318471338
0.4178082191780822	0.3885350318471338
0.41638225255972694	0.3885350318471338
0.41496598639455784	0.3885350318471338
0.4135593220338983	0.3885350318471338
0.41216216216216217	0.3885350318471338
0.4107744107744108	0.3885350318471338
0.40939597315436244	0.3885350318471338
0.4080267558528428	0.3885350318471338
0.4066666666666667	0.3885350318471338
0.4053156146179402	0.3885350318471338
0.40397350993377484	0.3885350318471338
0.40264026402640263	0.3885350318471338
0.40131578947368424	0.3885350318471338
0.4	0.3885350318471338
0.39869281045751637	0.3885350318471338
0.3973941368078176	0.3885350318471338
0.3961038961038961	0.3885350318471338
0.3948220064724919	0.3885350318471338
0.3935483870967742	0.3885350318471338
0.39228295819935693	0.3885350318471338
0.391025641025641	0.3885350318471338
0.38977635782747605	0.3885350318471338
0.3885350318471338	0.3885350318471338
0.3873015873015873	0.3885350318471338
0.3860759493670886	0.3885350318471338
0.38485804416403785	0.3885350318471338
0.3836477987421384	0.3885350318471338
0.3824451410658307	0.3885350318471338
0.38125	0.3885350318471338
0.38006230529595014	0.3885350318471338
0.37888198757763975	0.3885350318471338
0.37770897832817335	0.3885350318471338
0.3765432098765432	0.3885350318471338
0.37538461538461537	0.3885350318471338
0.37423312883435583	0.3885350318471338
0.3730886850152905	0.3885350318471338
0.3719512195121951	0.3885350318471338
0.3708206686930091	0.3885350318471338
0.3696969696969697	0.3885350318471338
0.3685800604229607	0.3885350318471338
0.3674698795180723	0.3885350318471338
0.3663663663663664	0.3885350318471338
0.3652694610778443	0.3885350318471338
0.3641791044776119	0.3885350318471338
0.3630952380952381	0.3885350318471338
0.3620178041543027	0.3885350318471338
0.3609467455621302	0.3885350318471338
0.35988200589970504	0.3885350318471338
0.3588235294117647	0.3885350318471338
0.35777126099706746	0.3885350318471338
0.3567251461988304	0.3885350318471338
0.3556851311953353	0.3885350318471338
0.3546511627906977	0.3885350318471338
0.3536231884057971	0.3885350318471338
0.35260115606936415	0.3885350318471338
0.3515850144092219	0.3885350318471338
0.3505747126436782	0.3885350318471338
0.3495702005730659	0.3885350318471338
0.3485714285714286	0.3885350318471338
0.3475783475783476	0.3885350318471338
0.3465909090909091	0.3885350318471338
0.34560906515580736	0.3885350318471338
0.3446327683615819	0.3885350318471338
0.3436619718309859	0.3885350318471338
0.34269662921348315	0.3885350318471338
0.34173669467787116	0.3885350318471338
0.3407821229050279	0.3885350318471338
0.3398328690807799	0.3885350318471338
0.3416666666666667	0.39171974522292996
0.34349030470914127	0.39490445859872614
0.3453038674033149	0.3980891719745223
0.34710743801652894	0.4012738853503185
0.3489010989010989	0.40445859872611467
0.3506849315068493	0.40764331210191085
0.3524590163934426	0.410828025477707
0.35149863760217986	0.410828025477707
0.3532608695652174	0.4140127388535032
0.3523035230352303	0.4140127388535032
0.35135135135135137	0.4140127388535032
0.353099730458221	0.4171974522292994
0.3521505376344086	0.4171974522292994
0.3512064343163539	0.4171974522292994
0.35294117647058826	0.42038216560509556
0.3546666666666667	0.42356687898089174
0.3537234042553192	0.42356687898089174
0.35278514588859416	0.42356687898089174
0.3544973544973545	0.4267515923566879
0.35356200527704484	0.4267515923566879
0.35526315789473684	0.4299363057324841
0.3569553805774278	0.43312101910828027
0.35602094240837695	0.43312101910828027
0.35509138381201044	0.43312101910828027
0.3541666666666667	0.43312101910828027
0.35584415584415585	0.43630573248407645
0.35751295336787564	0.4394904458598726
0.35917312661498707	0.4426751592356688
0.36082474226804123	0.445859872611465
0.36246786632390743	0.44904458598726116
0.3641025641025641	0.45222929936305734
0.3631713554987212	0.45222929936305734
0.3647959183673469	0.4554140127388535
0.366412213740458	0.4585987261146497
0.3680203045685279	0.46178343949044587
0.369620253164557	0.46496815286624205
0.3712121212121212	0.4681528662420382
0.37279596977329976	0.4713375796178344
0.3743718592964824	0.4745222929936306
0.37593984962406013	0.47770700636942676
0.375	0.47770700636942676
0.3740648379052369	0.47770700636942676
0.373134328358209	0.47770700636942676
0.37220843672456577	0.47770700636942676
0.37376237623762376	0.48089171974522293
0.3728395061728395	0.48089171974522293
0.37192118226600984	0.48089171974522293
0.371007371007371	0.48089171974522293
0.3700980392156863	0.48089171974522293
0.3691931540342298	0.48089171974522293
0.37073170731707317	0.4840764331210191
0.36982968369829683	0.4840764331210191
0.36893203883495146	0.4840764331210191
0.36803874092009686	0.4840764331210191
0.3695652173913043	0.4872611464968153
0.3686746987951807	0.4872611464968153
0.3701923076923077	0.49044585987261147
0.36930455635491605	0.49044585987261147
0.3684210526315789	0.49044585987261147
0.36754176610978523	0.49044585987261147
0.36666666666666664	0.49044585987261147
0.3657957244655582	0.49044585987261147
0.36492890995260663	0.49044585987261147
0.3640661938534279	0.49044585987261147
0.3632075471698113	0.49044585987261147
0.3623529411764706	0.49044585987261147
0.3615023474178404	0.49044585987261147
0.36065573770491804	0.49044585987261147
0.3598130841121495	0.49044585987261147
0.358974358974359	0.49044585987261147
0.3581395348837209	0.49044585987261147
0.35730858468677495	0.49044585987261147
0.35648148148148145	0.49044585987261147
0.3579676674364896	0.49363057324840764
0.35714285714285715	0.49363057324840764
0.3563218390804598	0.49363057324840764
0.3555045871559633	0.49363057324840764
0.35469107551487417	0.49363057324840764
0.3538812785388128	0.49363057324840764
0.3530751708428246	0.49363057324840764
0.3522727272727273	0.49363057324840764
0.35147392290249435	0.49363057324840764
0.3506787330316742	0.49363057324840764
0.34988713318284426	0.49363057324840764
0.3490990990990991	0.49363057324840764
0.34831460674157305	0.49363057324840764
0.3475336322869955	0.49363057324840764
0.348993288590604	0.4968152866242038
0.3482142857142857	0.4968152866242038
0.34743875278396436	0.4968152866242038
0.3466666666666667	0.4968152866242038
0.3458980044345898	0.4968152866242038
0.34513274336283184	0.4968152866242038
0.3443708609271523	0.4968152866242038
0.3436123348017621	0.4968152866242038
0.34285714285714286	0.4968152866242038
0.34210526315789475	0.4968152866242038
0.3435448577680525	0.5
0.34279475982532753	0.5
0.3420479302832244	0.5
0.34130434782608693	0.5
0.3405639913232104	0.5
0.3398268398268398	0.5
0.3390928725701944	0.5
0.33836206896551724	0.5
0.33763440860215055	0.5
0.3369098712446352	0.5
0.3361884368308351	0.5
0.33547008547008544	0.5
0.3347547974413646	0.5
0.33404255319148934	0.5
0.3333333333333333	0.5
0.3326271186440678	0.5
0.33192389006342493	0.5
0.33122362869198313	0.5
0.33052631578947367	0.5
0.32983193277310924	0.5
0.32914046121593293	0.5
0.3284518828451883	0.5
0.3277661795407098	0.5
0.32916666666666666	0.5031847133757962
0.3284823284823285	0.5031847133757962
0.3278008298755187	0.5031847133757962
0.32712215320910976	0.5031847133757962
0.3285123966942149	0.5063694267515924
0.32783505154639175	0.5063694267515924
0.3271604938271605	0.5063694267515924
0.3264887063655031	0.5063694267515924
0.32581967213114754	0.5063694267515924
0.32515337423312884	0.5063694267515924
0.32448979591836735	0.5063694267515924
0.32382892057026474	0.5063694267515924
0.3231707317073171	0.5063694267515924
0.3225152129817444	0.5063694267515924
0.32388663967611336	0.5095541401273885
0.32525252525252524	0.5127388535031847
0.3245967741935484	0.5127388535031847
0.323943661971831	0.5127388535031847
0.3232931726907631	0.5127388535031847
0.3246492985971944	0.5159235668789809
0.324	0.5159235668789809
0.32335329341317365	0.5159235668789809
0.32270916334661354	0.5159235668789809
0.3220675944333996	0.5159235668789809
0.32341269841269843	0.5191082802547771
0.3227722772277228	0.5191082802547771
0.3221343873517787	0.5191082802547771
0.3214990138067061	0.5191082802547771
0.32086614173228345	0.5191082802547771
0.32023575638506874	0.5191082802547771
0.3196078431372549	0.5191082802547771
0.32093933463796476	0.5222929936305732
0.3203125	0.5222929936305732
0.3216374269005848	0.5254777070063694
0.3229571984435798	0.5286624203821656
0.32233009708737864	0.5286624203821656
0.32170542635658916	0.5286624203821656
0.32108317214700194	0.5286624203821656
0.3204633204633205	0.5286624203821656
0.3198458574181118	0.5286624203821656
0.3211538461538462	0.5318471337579618
0.32245681381957775	0.535031847133758
0.3218390804597701	0.535031847133758
0.32122370936902483	0.535031847133758
0.32061068702290074	0.535031847133758
0.32	0.535031847133758
0.3193916349809886	0.535031847133758
0.3187855787476281	0.535031847133758
0.3181818181818182	0.535031847133758
0.31758034026465026	0.535031847133758
0.3169811320754717	0.535031847133758
0.3163841807909605	0.535031847133758
0.3157894736842105	0.535031847133758
0.3151969981238274	0.535031847133758
0.3146067415730337	0.535031847133758
0.31401869158878504	0.535031847133758
0.31529850746268656	0.5382165605095541
0.31471135940409684	0.5382165605095541
0.3141263940520446	0.5382165605095541
0.313543599257885	0.5382165605095541
0.3148148148148148	0.5414012738853503
0.3142329020332717	0.5414012738853503
0.31365313653136534	0.5414012738853503
0.31307550644567217	0.5414012738853503
0.3125	0.5414012738853503
0.3119266055045872	0.5414012738853503
0.31135531135531136	0.5414012738853503
0.31078610603290674	0.5414012738853503
0.31204379562043794	0.5445859872611465
0.3114754098360656	0.5445859872611465
0.3109090909090909	0.5445859872611465
0.3103448275862069	0.5445859872611465
0.30978260869565216	0.5445859872611465
0.3092224231464738	0.5445859872611465
0.30866425992779783	0.5445859872611465
0.3081081081081081	0.5445859872611465
0.30755395683453235	0.5445859872611465
0.30700179533213645	0.5445859872611465
0.3064516129032258	0.5445859872611465
0.30590339892665475	0.5445859872611465
0.3053571428571429	0.5445859872611465
0.3048128342245989	0.5445859872611465
0.304270462633452	0.5445859872611465
0.3037300177619893	0.5445859872611465
0.30319148936170215	0.5445859872611465
0.30265486725663715	0.5445859872611465
0.30212014134275617	0.5445859872611465
0.30335097001763667	0.5477707006369427
0.3028169014084507	0.5477707006369427
0.3022847100175747	0.5477707006369427
0.3017543859649123	0.5477707006369427
0.30122591943957966	0.5477707006369427
0.3006993006993007	0.5477707006369427
0.30017452006980805	0.5477707006369427
0.29965156794425085	0.5477707006369427
0.2991304347826087	0.5477707006369427
0.2986111111111111	0.5477707006369427
0.29809358752166376	0.5477707006369427
0.2975778546712803	0.5477707006369427
0.2970639032815199	0.5477707006369427
0.296551724137931	0.5477707006369427
0.29604130808950085	0.5477707006369427
0.29553264604810997	0.5477707006369427
0.2950257289879931	0.5477707006369427
0.2945205479452055	0.5477707006369427
0.294017094017094	0.5477707006369427
0.2935153583617747	0.5477707006369427
0.293015332197615	0.5477707006369427
0.2925170068027211	0.5477707006369427
0.2920203735144312	0.5477707006369427
0.29152542372881357	0.5477707006369427
0.2910321489001692	0.5477707006369427
0.2905405405405405	0.5477707006369427
0.2900505902192243	0.5477707006369427
0.2895622895622896	0.5477707006369427
0.28907563025210087	0.5477707006369427
0.28859060402684567	0.5477707006369427
0.288107202680067	0.5477707006369427
0.28762541806020064	0.5477707006369427
0.2888146911519199	0.5509554140127388
0.28833333333333333	0.5509554140127388
0.2878535773710483	0.5509554140127388
0.287375415282392	0.5509554140127388
0.28689883913764513	0.5509554140127388
0.28642384105960267	0.5509554140127388
0.2859504132231405	0.5509554140127388
0.2854785478547855	0.5509554140127388
0.28500823723228996	0.5509554140127388
0.2845394736842105	0.5509554140127388
0.28407224958949095	0.5509554140127388
0.28524590163934427	0.554140127388535
0.2864157119476268	0.5573248407643312
0.28594771241830064	0.5573248407643312
0.28548123980424145	0.5573248407643312
0.28501628664495116	0.5573248407643312
0.2845528455284553	0.5573248407643312
0.2840909090909091	0.5573248407643312
0.28363047001620745	0.5573248407643312
0.28317152103559873	0.5573248407643312
0.2827140549273021	0.5573248407643312
0.28225806451612906	0.5573248407643312
0.28180354267310787	0.5573248407643312
0.28135048231511256	0.5573248407643312
0.2808988764044944	0.5573248407643312
0.28044871794871795	0.5573248407643312
0.2816	0.5605095541401274
0.28115015974440893	0.5605095541401274
0.2807017543859649	0.5605095541401274
0.2818471337579618	0.5636942675159236
0.28139904610492844	0.5636942675159236
0.28095238095238095	0.5636942675159236
0.2805071315372425	0.5636942675159236
0.2800632911392405	0.5636942675159236
0.2796208530805687	0.5636942675159236
0.27917981072555204	0.5636942675159236
0.27874015748031494	0.5636942675159236
0.2783018867924528	0.5636942675159236
0.2778649921507064	0.5636942675159236
0.2774294670846395	0.5636942675159236
0.27699530516431925	0.5636942675159236
0.2765625	0.5636942675159236
0.27613104524180965	0.5636942675159236
0.2757009345794392	0.5636942675159236
0.27682737169517885	0.5668789808917197
0.27639751552795033	0.5668789808917197
0.27596899224806204	0.5668789808917197
0.2770897832817337	0.5700636942675159
0.27666151468315303	0.5700636942675159
0.2762345679012346	0.5700636942675159
0.275808936825886	0.5700636942675159
0.2753846153846154	0.5700636942675159
0.2749615975422427	0.5700636942675159
0.2745398773006135	0.5700636942675159
0.27411944869831545	0.5700636942675159
0.27370030581039756	0.5700636942675159
0.2732824427480916	0.5700636942675159
0.27439024390243905	0.5732484076433121
0.273972602739726	0.5732484076433121
0.2750759878419453	0.5764331210191083
0.2746585735963581	0.5764331210191083
0.27424242424242423	0.5764331210191083
0.27382753403933435	0.5764331210191083
0.27341389728096677	0.5764331210191083
0.2730015082956259	0.5764331210191083
0.27259036144578314	0.5764331210191083
0.2736842105263158	0.5796178343949044
0.2747747747747748	0.5828025477707006
0.27436281859070466	0.5828025477707006
0.27395209580838326	0.5828025477707006
0.273542600896861	0.5828025477707006
0.27313432835820894	0.5828025477707006
0.27421758569299554	0.5859872611464968
0.27529761904761907	0.589171974522293
0.2763744427934621	0.5923566878980892
0.27596439169139464	0.5923566878980892
0.27555555555555555	0.5923566878980892
0.27662721893491127	0.5955414012738853
0.276218611521418	0.5955414012738853
0.275811209439528	0.5955414012738853
0.2768777614138439	0.5987261146496815
0.27647058823529413	0.5987261146496815
0.27606461086637296	0.5987261146496815
0.2756598240469208	0.5987261146496815
0.2752562225475842	0.5987261146496815
0.27485380116959063	0.5987261146496815
0.27445255474452557	0.5987261146496815
0.27405247813411077	0.5987261146496815
0.27365356622998543	0.5987261146496815
0.27325581395348836	0.5987261146496815
0.2728592162554427	0.5987261146496815
0.27246376811594203	0.5987261146496815
0.2735166425470333	0.6019108280254777
0.273121387283237	0.6019108280254777
0.2741702741702742	0.6050955414012739
0.27521613832853026	0.60828025477707
0.2762589928057554	0.6114649681528662
0.27586206896551724	0.6114649681528662
0.27546628407460544	0.6114649681528662
0.27507163323782235	0.6114649681528662
0.27467811158798283	0.6114649681528662
0.2742857142857143	0.6114649681528662
0.2738944365192582	0.6114649681528662
0.27350427350427353	0.6114649681528662
0.27453769559032715	0.6146496815286624
0.2741477272727273	0.6146496815286624
0.27375886524822696	0.6146496815286624
0.273371104815864	0.6146496815286624
0.2743988684582744	0.6178343949044586
0.2740112994350282	0.6178343949044586
0.2736248236953456	0.6178343949044586
0.27323943661971833	0.6178343949044586
0.2742616033755274	0.6210191082802548
0.2752808988764045	0.6242038216560509
0.2762973352033661	0.6273885350318471
0.2759103641456583	0.6273885350318471
0.2755244755244755	0.6273885350318471
0.2751396648044693	0.6273885350318471
0.27475592747559274	0.6273885350318471
0.2743732590529248	0.6273885350318471
0.27399165507649514	0.6273885350318471
0.27361111111111114	0.6273885350318471
0.27323162274618584	0.6273885350318471
0.27285318559556787	0.6273885350318471
0.27247579529737204	0.6273885350318471
0.27209944751381215	0.6273885350318471
0.2717241379310345	0.6273885350318471
0.2713498622589532	0.6273885350318471
0.27097661623108665	0.6273885350318471
0.2706043956043956	0.6273885350318471
0.27023319615912206	0.6273885350318471
0.26986301369863014	0.6273885350318471
0.2694938440492476	0.6273885350318471
0.2691256830601093	0.6273885350318471
0.26875852660300137	0.6273885350318471
0.2683923705722071	0.6273885350318471
0.2680272108843537	0.6273885350318471
0.26766304347826086	0.6273885350318471
0.2672998643147897	0.6273885350318471
0.2669376693766938	0.6273885350318471
0.2665764546684709	0.6273885350318471
0.2662162162162162	0.6273885350318471
0.2658569500674764	0.6273885350318471
0.26549865229110514	0.6273885350318471
0.2651413189771198	0.6273885350318471
0.2647849462365591	0.6273885350318471
0.2644295302013423	0.6273885350318471
0.2640750670241287	0.6273885350318471
0.2637215528781794	0.6273885350318471
0.26336898395721925	0.6273885350318471
0.2630173564753004	0.6273885350318471
0.26266666666666666	0.6273885350318471
0.2623169107856192	0.6273885350318471
0.261968085106383	0.6273885350318471
0.26162018592297476	0.6273885350318471
0.2612732095490716	0.6273885350318471
0.2609271523178808	0.6273885350318471
0.2605820105820106	0.6273885350318471
0.26023778071334214	0.6273885350318471
0.2598944591029024	0.6273885350318471
0.2595520421607378	0.6273885350318471
0.25921052631578945	0.6273885350318471
0.2588699080157687	0.6273885350318471
0.2585301837270341	0.6273885350318471
0.2581913499344692	0.6273885350318471
0.25785340314136124	0.6273885350318471
0.257516339869281	0.6273885350318471
0.25718015665796345	0.6273885350318471
0.25684485006518903	0.6273885350318471
0.2565104166666667	0.6273885350318471
0.25617685305591675	0.6273885350318471
0.2558441558441558	0.6273885350318471
0.25551232166018156	0.6273885350318471
0.2551813471502591	0.6273885350318471
0.25485122897800777	0.6273885350318471
0.25452196382428943	0.6273885350318471
0.2541935483870968	0.6273885350318471
0.2538659793814433	0.6273885350318471
0.2548262548262548	0.6305732484076433
0.2544987146529563	0.6305732484076433
0.25417201540436457	0.6305732484076433
0.25384615384615383	0.6305732484076433
0.2535211267605634	0.6305732484076433
0.2531969309462916	0.6305732484076433
0.25287356321839083	0.6305732484076433
0.25255102040816324	0.6305732484076433
0.2522292993630573	0.6305732484076433
0.25190839694656486	0.6305732484076433
0.25158831003811943	0.6305732484076433
0.2512690355329949	0.6305732484076433
0.2509505703422053	0.6305732484076433
0.25063291139240507	0.6305732484076433
0.2503160556257901	0.6305732484076433
0.25	0.6305732484076433
0.24968474148802017	0.6305732484076433
0.24937027707808565	0.6305732484076433
0.2490566037735849	0.6305732484076433
0.24874371859296482	0.6305732484076433
0.24843161856963614	0.6305732484076433
0.24812030075187969	0.6305732484076433
0.24780976220275344	0.6305732484076433
0.2475	0.6305732484076433
0.24719101123595505	0.6305732484076433
0.24688279301745636	0.6305732484076433
0.2465753424657534	0.6305732484076433
0.2462686567164179	0.6305732484076433
0.24596273291925466	0.6305732484076433
0.2456575682382134	0.6305732484076433
0.24535315985130113	0.6305732484076433
0.24504950495049505	0.6305732484076433
0.24474660074165636	0.6305732484076433
0.24444444444444444	0.6305732484076433
0.2441430332922318	0.6305732484076433
0.2438423645320197	0.6305732484076433
0.24354243542435425	0.6305732484076433
0.24324324324324326	0.6305732484076433
0.24294478527607363	0.6305732484076433
0.2426470588235294	0.6305732484076433
0.2423500611995104	0.6305732484076433
0.24205378973105135	0.6305732484076433
0.24175824175824176	0.6305732484076433
0.24146341463414633	0.6305732484076433
0.24116930572472595	0.6305732484076433
0.24087591240875914	0.6305732484076433
0.24058323207776428	0.6305732484076433
0.24029126213592233	0.6305732484076433
0.24	0.6305732484076433
0.2397094430992736	0.6305732484076433
0.23941958887545345	0.6305732484076433
0.2391304347826087	0.6305732484076433
0.2388419782870929	0.6305732484076433
0.2385542168674699	0.6305732484076433
0.23826714801444043	0.6305732484076433
0.23798076923076922	0.6305732484076433
0.23769507803121248	0.6305732484076433
0.23741007194244604	0.6305732484076433
0.237125748502994	0.6305732484076433
0.23684210526315788	0.6305732484076433
0.23655913978494625	0.6305732484076433
0.23627684964200477	0.6305732484076433
0.2359952324195471	0.6305732484076433
0.2357142857142857	0.6305732484076433
0.23543400713436385	0.6305732484076433
0.23515439429928742	0.6305732484076433
0.23487544483985764	0.6305732484076433
0.23459715639810427	0.6305732484076433
0.23431952662721894	0.6305732484076433
0.23404255319148937	0.6305732484076433
0.23376623376623376	0.6305732484076433
0.23349056603773585	0.6305732484076433
0.2332155477031802	0.6305732484076433
0.23294117647058823	0.6305732484076433
0.23266745005875442	0.6305732484076433
0.2323943661971831	0.6305732484076433
0.2321219226260258	0.6305732484076433
0.23185011709601874	0.6305732484076433
0.23157894736842105	0.6305732484076433
0.23130841121495327	0.6305732484076433
0.2310385064177363	0.6305732484076433
0.23076923076923078	0.6305732484076433
0.23050058207217694	0.6305732484076433
0.2302325581395349	0.6305732484076433
0.22996515679442509	0.6305732484076433
0.2296983758700696	0.6305732484076433
0.22943221320973348	0.6305732484076433
0.22916666666666666	0.6305732484076433
0.22890173410404624	0.6305732484076433
0.22863741339491916	0.6305732484076433
0.22837370242214533	0.6305732484076433
0.22811059907834103	0.6305732484076433
0.22784810126582278	0.6305732484076433
0.22758620689655173	0.6305732484076433
0.22732491389207807	0.6305732484076433
0.22706422018348624	0.6305732484076433
0.2268041237113402	0.6305732484076433
0.22654462242562928	0.6305732484076433
0.22628571428571428	0.6305732484076433
0.22602739726027396	0.6305732484076433
0.22576966932725198	0.6305732484076433
0.2255125284738041	0.6305732484076433
0.22525597269624573	0.6305732484076433
0.225	0.6305732484076433
0.22474460839954596	0.6305732484076433
0.22448979591836735	0.6305732484076433
0.22423556058890148	0.6305732484076433
0.2239819004524887	0.6305732484076433
0.22372881355932203	0.6305732484076433
0.2234762979683973	0.6305732484076433
0.22322435174746336	0.6305732484076433
0.22297297297297297	0.6305732484076433
0.22272215973003376	0.6305732484076433
0.22247191011235956	0.6305732484076433
0.2222222222222222	0.6305732484076433
0.2219730941704036	0.6305732484076433
0.22172452407614782	0.6305732484076433
0.2214765100671141	0.6305732484076433
0.2212290502793296	0.6305732484076433
0.22098214285714285	0.6305732484076433
0.22073578595317725	0.6305732484076433
0.22048997772828507	0.6305732484076433
0.22024471635150167	0.6305732484076433
0.22	0.6305732484076433
0.21975582685904552	0.6305732484076433
0.21951219512195122	0.6305732484076433
0.21926910299003322	0.6305732484076433
0.21902654867256638	0.6305732484076433
0.21878453038674034	0.6305732484076433
0.2185430463576159	0.6305732484076433
0.21830209481808158	0.6305732484076433
0.21806167400881057	0.6305732484076433
0.21782178217821782	0.6305732484076433
0.2175824175824176	0.6305732484076433
0.21734357848518113	0.6305732484076433
0.21710526315789475	0.6305732484076433
0.21686746987951808	0.6305732484076433
0.21663019693654267	0.6305732484076433
0.21639344262295082	0.6305732484076433
0.21615720524017468	0.6305732484076433
0.2159214830970556	0.6305732484076433
0.21568627450980393	0.6305732484076433
0.21545157780195864	0.6305732484076433
0.21521739130434783	0.6305732484076433
0.21498371335504887	0.6305732484076433
0.21475054229934923	0.6305732484076433
0.21560130010834236	0.6337579617834395
0.21536796536796537	0.6337579617834395
0.21621621621621623	0.6369426751592356
0.21706263498920086	0.6401273885350318
0.21790722761596548	0.643312101910828
0.21767241379310345	0.643312101910828
0.21743810548977396	0.643312101910828
0.2172043010752688	0.643312101910828
0.21697099892588614	0.643312101910828
0.2167381974248927	0.643312101910828
0.2165058949624866	0.643312101910828
0.21734475374732334	0.6464968152866242
0.21711229946524063	0.6464968152866242
0.2168803418803419	0.6464968152866242
0.21664887940234792	0.6464968152866242
0.21641791044776118	0.6464968152866242
0.2161874334398296	0.6464968152866242
0.21595744680851064	0.6464968152866242
0.2157279489904357	0.6464968152866242
0.21549893842887474	0.6464968152866242
0.21527041357370094	0.6464968152866242
0.21504237288135594	0.6464968152866242
0.21481481481481482	0.6464968152866242
0.21458773784355178	0.6464968152866242
0.21436114044350582	0.6464968152866242
0.2141350210970464	0.6464968152866242
0.21496311907270813	0.6496815286624203
0.21473684210526317	0.6496815286624203
0.21556256572029442	0.6528662420382165
0.21638655462184875	0.6560509554140127
0.21720881427072403	0.6592356687898089
0.2169811320754717	0.6592356687898089
0.21780104712041884	0.6624203821656051
0.2175732217573222	0.6624203821656051
0.2173458725182863	0.6624203821656051
0.21711899791231734	0.6624203821656051
0.21689259645464026	0.6624203821656051
0.21770833333333334	0.6656050955414012
0.21852237252861603	0.6687898089171974
0.2182952182952183	0.6687898089171974
0.21910695742471442	0.6719745222929936
0.21991701244813278	0.6751592356687898
0.21968911917098446	0.6751592356687898
0.2204968944099379	0.678343949044586
0.22130299896587383	0.6815286624203821
0.22107438016528927	0.6815286624203821
0.22084623323013416	0.6815286624203821
0.22061855670103092	0.6815286624203821
0.22142121524201855	0.6847133757961783
0.22119341563786007	0.6847133757961783
0.22199383350462487	0.6878980891719745
0.22279260780287474	0.6910828025477707
0.22256410256410256	0.6910828025477707
0.22336065573770492	0.6942675159235668
0.2241555783009212	0.697452229299363
0.2249488752556237	0.7006369426751592
0.2247191011235955	0.7006369426751592
0.22448979591836735	0.7006369426751592
0.22426095820591233	0.7006369426751592
0.2240325865580448	0.7006369426751592
0.22380467955239064	0.7006369426751592
0.22357723577235772	0.7006369426751592
0.2233502538071066	0.7006369426751592
0.2231237322515213	0.7006369426751592
0.22289766970618036	0.7006369426751592
0.22267206477732793	0.7006369426751592
0.22345803842264914	0.7038216560509554
0.22323232323232323	0.7038216560509554
0.22401614530776992	0.7070063694267515
0.22379032258064516	0.7070063694267515
0.22356495468277945	0.7070063694267515
0.22334004024144868	0.7070063694267515
0.22311557788944725	0.7070063694267515
0.22289156626506024	0.7070063694267515
0.2226680040120361	0.7070063694267515
0.22244488977955912	0.7070063694267515
0.2222222222222222	0.7070063694267515
0.222	0.7070063694267515
0.2217782217782218	0.7070063694267515
0.2215568862275449	0.7070063694267515
0.2213359920239282	0.7070063694267515
