1.0	1.0
0.5	1.0
0.3333333333333333	1.0
0.25	1.0
0.2	1.0
0.16666666666666666	1.0
0.14285714285714285	1.0
0.125	1.0
0.1111111111111111	1.0
0.1	1.0
0.09090909090909091	1.0
0.08333333333333333	1.0
0.07692307692307693	1.0
0.07142857142857142	1.0
0.06666666666666667	1.0
0.0625	1.0
0.058823529411764705	1.0
0.05555555555555555	1.0
0.05263157894736842	1.0
0.05	1.0
0.047619047619047616	1.0
0.045454545454545456	1.0
0.043478260869565216	1.0
0.041666666666666664	1.0
0.04	1.0
0.038461538461538464	1.0
0.037037037037037035	1.0
0.03571428571428571	1.0
0.034482758620689655	1.0
0.03333333333333333	1.0
0.03225806451612903	1.0
0.03125	1.0
0.030303030303030304	1.0
0.029411764705882353	1.0
0.02857142857142857	1.0
0.027777777777777776	1.0
0.02702702702702703	1.0
0.02631578947368421	1.0
0.02564102564102564	1.0
