1.0	0.021739130434782608
1.0	0.043478260869565216
0.6666666666666666	0.043478260869565216
0.5	0.043478260869565216
0.6	0.06521739130434782
0.6666666666666666	0.08695652173913043
0.7142857142857143	0.10869565217391304
0.625	0.10869565217391304
0.6666666666666666	0.13043478260869565
0.7	0.15217391304347827
0.6363636363636364	0.15217391304347827
0.6666666666666666	0.17391304347826086
0.6153846153846154	0.17391304347826086
0.5714285714285714	0.17391304347826086
0.6	0.1956521739130435
0.5625	0.1956521739130435
0.5294117647058824	0.1956521739130435
0.5555555555555556	0.21739130434782608
0.5263157894736842	0.21739130434782608
0.55	0.2391304347826087
0.5238095238095238	0.2391304347826087
0.5	0.2391304347826087
0.4782608695652174	0.2391304347826087
0.4583333333333333	0.2391304347826087
0.48	0.2608695652173913
0.5	0.2826086956521739
0.5185185185185185	0.30434782608695654
0.5357142857142857	0.32608695652173914
0.5517241379310345	0.34782608695652173
0.5666666666666667	0.3695652173913043
0.5806451612903226	0.391304347826087
0.5625	0.391304347826087
0.5757575757575758	0.41304347826086957
0.5882352941176471	0.43478260869565216
0.5714285714285714	0.43478260869565216
0.5833333333333334	0.45652173913043476
0.5945945945945946	0.4782608695652174
0.5789473684210527	0.4782608695652174
0.5897435897435898	0.5
0.6	0.5217391304347826
0.6097560975609756	0.5434782608695652
0.5952380952380952	0.5434782608695652
0.5813953488372093	0.5434782608695652
0.5681818181818182	0.5434782608695652
0.5777777777777777	0.5652173913043478
0.5869565217391305	0.5869565217391305
0.574468085106383	0.5869565217391305
0.5625	0.5869565217391305
0.5714285714285714	0.6086956521739131
0.56	0.6086956521739131
0.5490196078431373	0.6086956521739131
0.5384615384615384	0.6086956521739131
0.5283018867924528	0.6086956521739131
0.5185185185185185	0.6086956521739131
0.5272727272727272	0.6304347826086957
0.5178571428571429	0.6304347826086957
0.5087719298245614	0.6304347826086957
0.5172413793103449	0.6521739130434783
0.5254237288135594	0.6739130434782609
0.5166666666666667	0.6739130434782609
0.5081967213114754	0.6739130434782609
0.5	0.6739130434782609
0.5079365079365079	0.6956521739130435
0.515625	0.717391304347826
0.5076923076923077	0.717391304347826
0.5	0.717391304347826
0.5074626865671642	0.7391304347826086
0.5	0.7391304347826086
0.5072463768115942	0.7608695652173914
0.5	0.7608695652173914
0.49295774647887325	0.7608695652173914
0.4861111111111111	0.7608695652173914
0.4794520547945205	0.7608695652173914
0.47297297297297297	0.7608695652173914
0.4666666666666667	0.7608695652173914
0.4605263157894737	0.7608695652173914
0.45454545454545453	0.7608695652173914
0.44871794871794873	0.7608695652173914
0.4430379746835443	0.7608695652173914
0.4375	0.7608695652173914
0.43209876543209874	0.7608695652173914
0.4268292682926829	0.7608695652173914
0.42168674698795183	0.7608695652173914
0.4166666666666667	0.7608695652173914
0.4117647058823529	0.7608695652173914
0.4069767441860465	0.7608695652173914
0.40229885057471265	0.7608695652173914
0.3977272727272727	0.7608695652173914
0.39325842696629215	0.7608695652173914
0.3888888888888889	0.7608695652173914
0.38461538461538464	0.7608695652173914
0.3804347826086957	0.7608695652173914
0.3763440860215054	0.7608695652173914
0.3723404255319149	0.7608695652173914
0.3684210526315789	0.7608695652173914
