1.0	0.037037037037037035
1.0	0.07407407407407407
1.0	0.1111111111111111
0.75	0.1111111111111111
0.8	0.14814814814814814
0.6666666666666666	0.14814814814814814
0.5714285714285714	0.14814814814814814
0.5	0.14814814814814814
0.4444444444444444	0.14814814814814814
0.4	0.14814814814814814
0.36363636363636365	0.14814814814814814
0.3333333333333333	0.14814814814814814
0.3076923076923077	0.14814814814814814
0.2857142857142857	0.14814814814814814
0.26666666666666666	0.14814814814814814
0.25	0.14814814814814814
0.23529411764705882	0.14814814814814814
0.2222222222222222	0.14814814814814814
0.21052631578947367	0.14814814814814814
0.2	0.14814814814814814
0.19047619047619047	0.14814814814814814
0.18181818181818182	0.14814814814814814
0.17391304347826086	0.14814814814814814
0.16666666666666666	0.14814814814814814
0.16	0.14814814814814814
0.15384615384615385	0.14814814814814814
0.14814814814814814	0.14814814814814814
0.14285714285714285	0.14814814814814814
0.13793103448275862	0.14814814814814814
0.13333333333333333	0.14814814814814814
0.12903225806451613	0.14814814814814814
0.125	0.14814814814814814
0.12121212121212122	0.14814814814814814
0.11764705882352941	0.14814814814814814
0.11428571428571428	0.14814814814814814
0.1111111111111111	0.14814814814814814
0.10810810810810811	0.14814814814814814
0.10526315789473684	0.14814814814814814
0.10256410256410256	0.14814814814814814
0.1	0.14814814814814814
0.0975609756097561	0.14814814814814814
0.09523809523809523	0.14814814814814814
0.09302325581395349	0.14814814814814814
0.09090909090909091	0.14814814814814814
0.08888888888888889	0.14814814814814814
0.08695652173913043	0.14814814814814814
0.0851063829787234	0.14814814814814814
0.08333333333333333	0.14814814814814814
0.08163265306122448	0.14814814814814814
0.08	0.14814814814814814
0.0784313725490196	0.14814814814814814
0.07692307692307693	0.14814814814814814
0.07547169811320754	0.14814814814814814
0.07407407407407407	0.14814814814814814
0.07272727272727272	0.14814814814814814
0.07142857142857142	0.14814814814814814
0.07017543859649122	0.14814814814814814
0.06896551724137931	0.14814814814814814
0.06779661016949153	0.14814814814814814
0.06666666666666667	0.14814814814814814
0.06557377049180328	0.14814814814814814
0.06451612903225806	0.14814814814814814
0.07936507936507936	0.18518518518518517
0.078125	0.18518518518518517
0.07692307692307693	0.18518518518518517
0.07575757575757576	0.18518518518518517
0.08955223880597014	0.2222222222222222
0.10294117647058823	0.25925925925925924
