1.0	0.02
1.0	0.04
1.0	0.06
1.0	0.08
1.0	0.1
1.0	0.12
1.0	0.14
1.0	0.16
1.0	0.18
1.0	0.2
1.0	0.22
1.0	0.24
1.0	0.26
1.0	0.28
1.0	0.3
1.0	0.32
1.0	0.34
1.0	0.36
1.0	0.38
1.0	0.4
1.0	0.42
1.0	0.44
1.0	0.46
1.0	0.48
1.0	0.5
1.0	0.52
1.0	0.54
1.0	0.56
1.0	0.58
1.0	0.6
1.0	0.62
1.0	0.64
0.9696969696969697	0.64
0.9705882352941176	0.66
0.9428571428571428	0.66
0.9166666666666666	0.66
0.8918918918918919	0.66
0.868421052631579	0.66
0.8461538461538461	0.66
0.825	0.66
0.8048780487804879	0.66
0.7857142857142857	0.66
0.7674418604651163	0.66
0.75	0.66
0.7333333333333333	0.66
0.717391304347826	0.66
0.723404255319149	0.68
0.7083333333333334	0.68
0.6938775510204082	0.68
0.68	0.68
0.6666666666666666	0.68
0.6538461538461539	0.68
0.6415094339622641	0.68
0.6296296296296297	0.68
0.6181818181818182	0.68
0.6071428571428571	0.68
0.5964912280701754	0.68
0.5862068965517241	0.68
0.576271186440678	0.68
0.5666666666666667	0.68
0.5573770491803278	0.68
0.5483870967741935	0.68
0.5396825396825397	0.68
0.53125	0.68
0.5230769230769231	0.68
0.5151515151515151	0.68
0.5074626865671642	0.68
0.5	0.68
0.4927536231884058	0.68
0.4857142857142857	0.68
0.4788732394366197	0.68
0.4722222222222222	0.68
0.4657534246575342	0.68
0.4594594594594595	0.68
0.4533333333333333	0.68
0.4473684210526316	0.68
0.44155844155844154	0.68
0.4358974358974359	0.68
0.43037974683544306	0.68
0.425	0.68
0.41975308641975306	0.68
0.4146341463414634	0.68
0.40963855421686746	0.68
0.40476190476190477	0.68
0.4	0.68
0.3953488372093023	0.68
0.39080459770114945	0.68
0.38636363636363635	0.68
0.38202247191011235	0.68
0.37777777777777777	0.68
0.37362637362637363	0.68
0.3695652173913043	0.68
0.3655913978494624	0.68
0.3617021276595745	0.68
0.35789473684210527	0.68
0.3541666666666667	0.68
0.36082474226804123	0.7
0.35714285714285715	0.7
0.36363636363636365	0.72
0.36	0.72
