1.0	0.025
0.5	0.025
0.6666666666666666	0.05
0.5	0.05
0.6	0.075
0.5	0.075
0.42857142857142855	0.075
0.375	0.075
0.3333333333333333	0.075
0.3	0.075
0.2727272727272727	0.075
0.25	0.075
0.23076923076923078	0.075
0.21428571428571427	0.075
0.2	0.075
0.1875	0.075
0.17647058823529413	0.075
0.16666666666666666	0.075
0.15789473684210525	0.075
0.15	0.075
0.14285714285714285	0.075
0.13636363636363635	0.075
0.13043478260869565	0.075
0.125	0.075
0.12	0.075
0.11538461538461539	0.075
0.1111111111111111	0.075
0.10714285714285714	0.075
0.10344827586206896	0.075
0.1	0.075
0.12903225806451613	0.1
0.125	0.1
0.12121212121212122	0.1
0.11764705882352941	0.1
0.11428571428571428	0.1
0.1111111111111111	0.1
0.10810810810810811	0.1
0.10526315789473684	0.1
0.10256410256410256	0.1
0.1	0.1
0.0975609756097561	0.1
0.09523809523809523	0.1
0.09302325581395349	0.1
0.09090909090909091	0.1
0.08888888888888889	0.1
0.08695652173913043	0.1
0.10638297872340426	0.125
0.10416666666666667	0.125
0.10204081632653061	0.125
0.1	0.125
0.09803921568627451	0.125
0.09615384615384616	0.125
0.09433962264150944	0.125
0.09259259259259259	0.125
0.10909090909090909	0.15
0.10714285714285714	0.15
0.10526315789473684	0.15
0.1206896551724138	0.175
0.11864406779661017	0.175
0.11666666666666667	0.175
0.11475409836065574	0.175
0.11290322580645161	0.175
0.1111111111111111	0.175
0.109375	0.175
0.1076923076923077	0.175
0.10606060606060606	0.175
0.1044776119402985	0.175
0.10294117647058823	0.175
0.10144927536231885	0.175
0.1	0.175
0.09859154929577464	0.175
0.09722222222222222	0.175
0.0958904109589041	0.175
0.0945945945945946	0.175
0.09333333333333334	0.175
0.09210526315789473	0.175
0.1038961038961039	0.2
0.10256410256410256	0.2
0.10126582278481013	0.2
0.1	0.2
0.09876543209876543	0.2
0.0975609756097561	0.2
0.10843373493975904	0.225
0.10714285714285714	0.225
0.10588235294117647	0.225
0.10465116279069768	0.225
0.10344827586206896	0.225
0.10227272727272728	0.225
0.11235955056179775	0.25
0.1111111111111111	0.25
0.10989010989010989	0.25
0.10869565217391304	0.25
0.10752688172043011	0.25
0.10638297872340426	0.25
0.10526315789473684	0.25
0.10416666666666667	0.25
0.10309278350515463	0.25
0.10204081632653061	0.25
0.10101010101010101	0.25
