1.0	0.06666666666666667
1.0	0.13333333333333333
1.0	0.2
0.75	0.2
0.6	0.2
0.5	0.2
0.5714285714285714	0.26666666666666666
0.5	0.26666666666666666
0.4444444444444444	0.26666666666666666
0.4	0.26666666666666666
0.45454545454545453	0.3333333333333333
0.4166666666666667	0.3333333333333333
0.38461538461538464	0.3333333333333333
0.35714285714285715	0.3333333333333333
0.3333333333333333	0.3333333333333333
0.3125	0.3333333333333333
0.29411764705882354	0.3333333333333333
0.2777777777777778	0.3333333333333333
0.2631578947368421	0.3333333333333333
0.25	0.3333333333333333
0.23809523809523808	0.3333333333333333
0.22727272727272727	0.3333333333333333
0.21739130434782608	0.3333333333333333
0.20833333333333334	0.3333333333333333
0.2	0.3333333333333333
0.19230769230769232	0.3333333333333333
0.18518518518518517	0.3333333333333333
0.21428571428571427	0.4
0.20689655172413793	0.4
0.2	0.4
0.1935483870967742	0.4
0.1875	0.4
0.18181818181818182	0.4
0.17647058823529413	0.4
0.17142857142857143	0.4
0.16666666666666666	0.4
0.16216216216216217	0.4
0.15789473684210525	0.4
0.15384615384615385	0.4
0.15	0.4
0.17073170731707318	0.4666666666666667
0.16666666666666666	0.4666666666666667
0.16279069767441862	0.4666666666666667
0.1590909090909091	0.4666666666666667
0.15555555555555556	0.4666666666666667
0.15217391304347827	0.4666666666666667
0.14893617021276595	0.4666666666666667
0.14583333333333334	0.4666666666666667
0.14285714285714285	0.4666666666666667
0.14	0.4666666666666667
0.13725490196078433	0.4666666666666667
0.1346153846153846	0.4666666666666667
0.1320754716981132	0.4666666666666667
0.12962962962962962	0.4666666666666667
0.12727272727272726	0.4666666666666667
0.125	0.4666666666666667
0.12280701754385964	0.4666666666666667
0.1206896551724138	0.4666666666666667
0.13559322033898305	0.5333333333333333
0.13333333333333333	0.5333333333333333
0.13114754098360656	0.5333333333333333
0.12903225806451613	0.5333333333333333
0.12698412698412698	0.5333333333333333
0.125	0.5333333333333333
0.12307692307692308	0.5333333333333333
0.12121212121212122	0.5333333333333333
0.11940298507462686	0.5333333333333333
0.11764705882352941	0.5333333333333333
