0.0	0.0
0.0	0.0
0.0	0.0
0.0	0.0
0.0	0.0
0.0	0.0
0.0	0.0
0.0	0.0
0.0	0.0
0.0	0.0
0.0	0.0
0.0	0.0
0.0	0.0
0.0	0.0
0.0	0.0
0.0	0.0
0.0	0.0
0.0	0.0
0.0	0.0
0.0	0.0
0.0	0.0
0.0	0.0
0.0	0.0
0.0	0.0
0.0	0.0
0.0	0.0
0.0	0.0
0.0	0.0
0.0	0.0
0.0	0.0
0.0	0.0
0.0	0.0
0.0	0.0
0.0	0.0
0.0	0.0
0.0	0.0
0.0	0.0
0.0	0.0
0.0	0.0
0.0	0.0
0.0	0.0
0.0	0.0
0.0	0.0
0.0	0.0
0.0	0.0
0.0	0.0
0.0	0.0
0.0	0.0
0.02040816326530612	0.3333333333333333
0.02	0.3333333333333333
0.0196078431372549	0.3333333333333333
0.019230769230769232	0.3333333333333333
0.018867924528301886	0.3333333333333333
0.018518518518518517	0.3333333333333333
0.01818181818181818	0.3333333333333333
0.017857142857142856	0.3333333333333333
0.017543859649122806	0.3333333333333333
0.017241379310344827	0.3333333333333333
0.01694915254237288	0.3333333333333333
0.016666666666666666	0.3333333333333333
0.01639344262295082	0.3333333333333333
0.016129032258064516	0.3333333333333333
0.015873015873015872	0.3333333333333333
0.015625	0.3333333333333333
0.015384615384615385	0.3333333333333333
0.015151515151515152	0.3333333333333333
0.014925373134328358	0.3333333333333333
0.014705882352941176	0.3333333333333333
0.014492753623188406	0.3333333333333333
0.014285714285714285	0.3333333333333333
0.014084507042253521	0.3333333333333333
0.013888888888888888	0.3333333333333333
0.0136986301369863	0.3333333333333333
0.013513513513513514	0.3333333333333333
0.013333333333333334	0.3333333333333333
0.013157894736842105	0.3333333333333333
0.012987012987012988	0.3333333333333333
0.01282051282051282	0.3333333333333333
0.012658227848101266	0.3333333333333333
0.0125	0.3333333333333333
0.012345679012345678	0.3333333333333333
0.012195121951219513	0.3333333333333333
0.012048192771084338	0.3333333333333333
0.011904761904761904	0.3333333333333333
0.011764705882352941	0.3333333333333333
0.011627906976744186	0.3333333333333333
0.011494252873563218	0.3333333333333333
0.011363636363636364	0.3333333333333333
0.011235955056179775	0.3333333333333333
0.011111111111111112	0.3333333333333333
0.01098901098901099	0.3333333333333333
0.010869565217391304	0.3333333333333333
0.010752688172043012	0.3333333333333333
0.010638297872340425	0.3333333333333333
0.010526315789473684	0.3333333333333333
0.010416666666666666	0.3333333333333333
0.010309278350515464	0.3333333333333333
0.01020408163265306	0.3333333333333333
0.010101010101010102	0.3333333333333333
0.01	0.3333333333333333
