1.0	5.138746145940391E-4
1.0	0.0010277492291880781
1.0	0.001541623843782117
1.0	0.0020554984583761563
1.0	0.0025693730729701952
0.8333333333333334	0.0025693730729701952
0.8571428571428571	0.003083247687564234
0.875	0.0035971223021582736
0.8888888888888888	0.0041109969167523125
0.8	0.0041109969167523125
0.8181818181818182	0.0046248715313463515
0.75	0.0046248715313463515
0.6923076923076923	0.0046248715313463515
0.6428571428571429	0.0046248715313463515
0.6	0.0046248715313463515
0.625	0.0051387461459403904
0.5882352941176471	0.0051387461459403904
0.5555555555555556	0.0051387461459403904
0.5789473684210527	0.005652620760534429
0.6	0.006166495375128468
0.5714285714285714	0.006166495375128468
0.5909090909090909	0.006680369989722507
0.6086956521739131	0.007194244604316547
0.625	0.007708119218910586
0.6	0.007708119218910586
0.5769230769230769	0.007708119218910586
0.5555555555555556	0.007708119218910586
0.5714285714285714	0.008221993833504625
0.5862068965517241	0.008735868448098663
0.5666666666666667	0.008735868448098663
0.5483870967741935	0.008735868448098663
0.53125	0.008735868448098663
0.5454545454545454	0.009249743062692703
0.5588235294117647	0.009763617677286743
0.5714285714285714	0.010277492291880781
0.5555555555555556	0.010277492291880781
0.5675675675675675	0.01079136690647482
0.5789473684210527	0.011305241521068859
0.5641025641025641	0.011305241521068859
0.575	0.011819116135662899
0.5853658536585366	0.012332990750256937
0.5714285714285714	0.012332990750256937
0.5581395348837209	0.012332990750256937
0.5681818181818182	0.012846865364850977
0.5555555555555556	0.012846865364850977
0.5652173913043478	0.013360739979445015
0.574468085106383	0.013874614594039054
0.5833333333333334	0.014388489208633094
0.5714285714285714	0.014388489208633094
0.56	0.014388489208633094
0.5490196078431373	0.014388489208633094
0.5576923076923077	0.014902363823227132
0.5660377358490566	0.015416238437821172
0.5740740740740741	0.01593011305241521
0.5818181818181818	0.01644398766700925
0.5892857142857143	0.01695786228160329
0.5964912280701754	0.017471736896197326
0.603448275862069	0.017985611510791366
0.5932203389830508	0.017985611510791366
0.6	0.018499486125385406
0.6065573770491803	0.019013360739979446
0.6129032258064516	0.019527235354573486
0.6190476190476191	0.020041109969167522
0.625	0.020554984583761562
0.6307692307692307	0.0210688591983556
0.6363636363636364	0.02158273381294964
0.6417910447761194	0.022096608427543678
0.6470588235294118	0.022610483042137718
0.6521739130434783	0.023124357656731757
0.6428571428571429	0.023124357656731757
0.6338028169014085	0.023124357656731757
0.625	0.023124357656731757
0.6301369863013698	0.023638232271325797
0.6351351351351351	0.024152106885919837
0.64	0.024665981500513873
0.6447368421052632	0.025179856115107913
0.6493506493506493	0.025693730729701953
0.6538461538461539	0.026207605344295993
0.6582278481012658	0.02672147995889003
0.6625	0.02723535457348407
0.6666666666666666	0.02774922918807811
0.6707317073170732	0.02826310380267215
0.6746987951807228	0.02877697841726619
0.6785714285714286	0.029290853031860225
0.6823529411764706	0.029804727646454265
0.686046511627907	0.030318602261048305
0.6896551724137931	0.030832476875642344
0.6931818181818182	0.03134635149023638
0.6853932584269663	0.03134635149023638
0.6888888888888889	0.03186022610483042
0.6923076923076923	0.03237410071942446
0.6847826086956522	0.03237410071942446
0.6881720430107527	0.0328879753340185
0.6808510638297872	0.0328879753340185
0.6736842105263158	0.0328879753340185
0.6770833333333334	0.03340184994861254
0.6804123711340206	0.03391572456320658
0.6836734693877551	0.03442959917780062
0.6868686868686869	0.03494347379239465
0.68	0.03494347379239465
0.6732673267326733	0.03494347379239465
0.6666666666666666	0.03494347379239465
0.6699029126213593	0.03545734840698869
0.6634615384615384	0.03545734840698869
0.6666666666666666	0.03597122302158273
0.6698113207547169	0.03648509763617677
0.6635514018691588	0.03648509763617677
0.6666666666666666	0.03699897225077081
0.6697247706422018	0.03751284686536485
0.6727272727272727	0.03802672147995889
0.6756756756756757	0.03854059609455293
0.6785714285714286	0.03905447070914697
0.672566371681416	0.03905447070914697
0.6666666666666666	0.03905447070914697
0.6695652173913044	0.039568345323741004
0.6724137931034483	0.040082219938335044
0.6752136752136753	0.040596094552929084
0.6779661016949152	0.041109969167523124
0.6722689075630253	0.041109969167523124
0.675	0.04162384378211716
0.6776859504132231	0.0421377183967112
0.680327868852459	0.04265159301130524
0.6829268292682927	0.04316546762589928
0.6854838709677419	0.04367934224049332
0.688	0.044193216855087356
0.6825396825396826	0.044193216855087356
0.6850393700787402	0.044707091469681395
0.6796875	0.044707091469681395
0.6744186046511628	0.044707091469681395
0.676923076923077	0.045220966084275435
0.6717557251908397	0.045220966084275435
0.6666666666666666	0.045220966084275435
0.6691729323308271	0.045734840698869475
0.6716417910447762	0.046248715313463515
0.6666666666666666	0.046248715313463515
0.6691176470588235	0.046762589928057555
0.6715328467153284	0.047276464542651594
0.6739130434782609	0.047790339157245634
0.6762589928057554	0.048304213771839674
0.6714285714285714	0.048304213771839674
0.6666666666666666	0.048304213771839674
0.6619718309859155	0.048304213771839674
0.6643356643356644	0.04881808838643371
0.6666666666666666	0.04933196300102775
0.6689655172413793	0.04984583761562179
0.6712328767123288	0.050359712230215826
0.6666666666666666	0.050359712230215826
0.6621621621621622	0.050359712230215826
0.6644295302013423	0.050873586844809866
0.6666666666666666	0.051387461459403906
0.6688741721854304	0.051901336073997946
0.6710526315789473	0.052415210688591986
0.673202614379085	0.052929085303186026
0.6753246753246753	0.05344295991778006
0.6774193548387096	0.0539568345323741
0.6794871794871795	0.05447070914696814
0.6815286624203821	0.05498458376156218
0.6772151898734177	0.05498458376156218
0.6792452830188679	0.05549845837615622
0.68125	0.05601233299075026
0.6832298136645962	0.0565262076053443
0.6851851851851852	0.05704008221993834
0.6871165644171779	0.05755395683453238
0.6890243902439024	0.05806783144912641
0.6909090909090909	0.05858170606372045
0.6927710843373494	0.05909558067831449
0.6946107784431138	0.05960945529290853
0.6964285714285714	0.06012332990750257
0.6923076923076923	0.06012332990750257
0.6941176470588235	0.06063720452209661
0.6900584795321637	0.06063720452209661
0.6918604651162791	0.06115107913669065
0.6936416184971098	0.06166495375128469
0.6896551724137931	0.06166495375128469
0.6914285714285714	0.06217882836587873
0.6875	0.06217882836587873
0.6892655367231638	0.06269270298047276
0.6910112359550562	0.0632065775950668
0.6927374301675978	0.06372045220966084
0.6944444444444444	0.06423432682425488
0.6961325966850829	0.06474820143884892
0.6923076923076923	0.06474820143884892
0.6939890710382514	0.06526207605344296
0.6902173913043478	0.06526207605344296
0.6918918918918919	0.065775950668037
0.6881720430107527	0.065775950668037
0.6898395721925134	0.06628982528263104
0.6861702127659575	0.06628982528263104
0.6825396825396826	0.06628982528263104
0.6789473684210526	0.06628982528263104
0.680628272251309	0.06680369989722508
0.6770833333333334	0.06680369989722508
0.6735751295336787	0.06680369989722508
0.6701030927835051	0.06680369989722508
0.6717948717948717	0.06731757451181912
0.673469387755102	0.06783144912641316
0.6751269035532995	0.0683453237410072
0.6767676767676768	0.06885919835560124
0.678391959798995	0.06937307297019528
0.68	0.0698869475847893
0.6766169154228856	0.0698869475847893
0.6782178217821783	0.07040082219938334
0.6798029556650246	0.07091469681397738
0.6813725490196079	0.07142857142857142
0.6780487804878049	0.07142857142857142
0.6796116504854369	0.07194244604316546
0.6811594202898551	0.0724563206577595
0.6826923076923077	0.07297019527235354
0.6842105263157895	0.07348406988694758
0.680952380952381	0.07348406988694758
0.6777251184834123	0.07348406988694758
0.6745283018867925	0.07348406988694758
0.676056338028169	0.07399794450154162
0.677570093457944	0.07451181911613566
0.6744186046511628	0.07451181911613566
0.6712962962962963	0.07451181911613566
0.6728110599078341	0.0750256937307297
0.6697247706422018	0.0750256937307297
0.6666666666666666	0.0750256937307297
0.6681818181818182	0.07553956834532374
0.669683257918552	0.07605344295991778
0.6711711711711712	0.07656731757451182
0.672645739910314	0.07708119218910586
0.6696428571428571	0.07708119218910586
0.6711111111111111	0.0775950668036999
0.668141592920354	0.0775950668036999
0.6651982378854625	0.0775950668036999
0.6666666666666666	0.07810894141829394
0.6637554585152838	0.07810894141829394
0.6652173913043479	0.07862281603288798
0.6666666666666666	0.07913669064748201
0.6637931034482759	0.07913669064748201
0.6652360515021459	0.07965056526207605
0.6623931623931624	0.07965056526207605
0.6595744680851063	0.07965056526207605
0.6610169491525424	0.08016443987667009
0.6582278481012658	0.08016443987667009
0.6554621848739496	0.08016443987667009
0.6569037656903766	0.08067831449126413
0.6541666666666667	0.08067831449126413
0.6514522821576764	0.08067831449126413
0.6487603305785123	0.08067831449126413
0.6502057613168725	0.08119218910585817
0.6475409836065574	0.08119218910585817
0.6489795918367347	0.08170606372045221
0.6463414634146342	0.08170606372045221
0.6437246963562753	0.08170606372045221
0.6451612903225806	0.08221993833504625
0.642570281124498	0.08221993833504625
0.64	0.08221993833504625
0.6414342629482072	0.08273381294964029
0.6388888888888888	0.08273381294964029
0.6403162055335968	0.08324768756423433
0.6417322834645669	0.08376156217882837
0.6392156862745098	0.08376156217882837
0.640625	0.0842754367934224
0.6381322957198443	0.0842754367934224
0.6395348837209303	0.08478931140801645
0.640926640926641	0.08530318602261049
0.6384615384615384	0.08530318602261049
0.6360153256704981	0.08530318602261049
0.6335877862595419	0.08530318602261049
0.6349809885931559	0.08581706063720453
0.6363636363636364	0.08633093525179857
0.6339622641509434	0.08633093525179857
0.631578947368421	0.08633093525179857
0.6292134831460674	0.08633093525179857
0.6305970149253731	0.0868448098663926
0.6282527881040892	0.0868448098663926
0.6259259259259259	0.0868448098663926
0.6273062730627307	0.08735868448098665
0.625	0.08735868448098665
0.6263736263736264	0.08787255909558069
0.6277372262773723	0.08838643371017471
0.6290909090909091	0.08890030832476875
0.6268115942028986	0.08890030832476875
0.628158844765343	0.08941418293936279
0.6258992805755396	0.08941418293936279
0.6272401433691757	0.08992805755395683
0.6285714285714286	0.09044193216855087
0.6263345195729537	0.09044193216855087
0.6276595744680851	0.09095580678314491
0.6254416961130742	0.09095580678314491
0.6232394366197183	0.09095580678314491
0.6210526315789474	0.09095580678314491
0.6188811188811189	0.09095580678314491
0.6167247386759582	0.09095580678314491
0.6145833333333334	0.09095580678314491
0.615916955017301	0.09146968139773895
0.6137931034482759	0.09146968139773895
0.6116838487972509	0.09146968139773895
0.613013698630137	0.09198355601233299
0.6109215017064846	0.09198355601233299
0.608843537414966	0.09198355601233299
0.6067796610169491	0.09198355601233299
0.6047297297297297	0.09198355601233299
0.6026936026936027	0.09198355601233299
0.6006711409395973	0.09198355601233299
0.6020066889632107	0.09249743062692703
0.6	0.09249743062692703
0.5980066445182725	0.09249743062692703
0.5960264900662252	0.09249743062692703
0.594059405940594	0.09249743062692703
0.5953947368421053	0.09301130524152107
0.5934426229508196	0.09301130524152107
0.5915032679738562	0.09301130524152107
0.5895765472312704	0.09301130524152107
0.5909090909090909	0.09352517985611511
0.5922330097087378	0.09403905447070915
0.5903225806451613	0.09403905447070915
0.5884244372990354	0.09403905447070915
0.5865384615384616	0.09403905447070915
0.5846645367412141	0.09403905447070915
0.5828025477707006	0.09403905447070915
0.580952380952381	0.09403905447070915
0.5791139240506329	0.09403905447070915
0.5772870662460567	0.09403905447070915
0.5754716981132075	0.09403905447070915
0.5768025078369906	0.09455292908530319
0.578125	0.09506680369989723
0.5794392523364486	0.09558067831449127
0.577639751552795	0.09558067831449127
0.5758513931888545	0.09558067831449127
0.5740740740740741	0.09558067831449127
0.5723076923076923	0.09558067831449127
0.5705521472392638	0.09558067831449127
0.5688073394495413	0.09558067831449127
0.5670731707317073	0.09558067831449127
0.5683890577507599	0.09609455292908531
0.5696969696969697	0.09660842754367935
0.5709969788519638	0.09712230215827339
0.5692771084337349	0.09712230215827339
0.5675675675675675	0.09712230215827339
0.5658682634730539	0.09712230215827339
0.564179104477612	0.09712230215827339
0.5625	0.09712230215827339
0.5637982195845698	0.09763617677286741
0.5650887573964497	0.09815005138746145
0.5634218289085545	0.09815005138746145
0.5617647058823529	0.09815005138746145
0.5630498533724341	0.0986639260020555
0.5614035087719298	0.0986639260020555
0.5626822157434402	0.09917780061664953
0.561046511627907	0.09917780061664953
0.5594202898550724	0.09917780061664953
0.5606936416184971	0.09969167523124357
0.5590778097982709	0.09969167523124357
0.5574712643678161	0.09969167523124357
0.5558739255014327	0.09969167523124357
0.5542857142857143	0.09969167523124357
0.5555555555555556	0.10020554984583761
0.5539772727272727	0.10020554984583761
0.5524079320113314	0.10020554984583761
0.5508474576271186	0.10020554984583761
0.5492957746478874	0.10020554984583761
0.547752808988764	0.10020554984583761
0.5490196078431373	0.10071942446043165
0.5502793296089385	0.10123329907502569
0.5515320334261838	0.10174717368961973
0.55	0.10174717368961973
0.5484764542936288	0.10174717368961973
0.5497237569060773	0.10226104830421377
0.5482093663911846	0.10226104830421377
0.5467032967032966	0.10226104830421377
0.547945205479452	0.10277492291880781
0.546448087431694	0.10277492291880781
0.547683923705722	0.10328879753340185
0.5489130434782609	0.10380267214799589
0.5474254742547425	0.10380267214799589
0.5459459459459459	0.10380267214799589
0.5471698113207547	0.10431654676258993
0.5456989247311828	0.10431654676258993
0.546916890080429	0.10483042137718397
0.5454545454545454	0.10483042137718397
0.544	0.10483042137718397
0.5425531914893617	0.10483042137718397
0.5411140583554377	0.10483042137718397
0.5423280423280423	0.10534429599177801
0.5408970976253298	0.10534429599177801
0.5421052631578948	0.10585817060637205
0.5433070866141733	0.10637204522096609
0.5418848167539267	0.10637204522096609
0.5404699738903395	0.10637204522096609
0.5390625	0.10637204522096609
0.5376623376623376	0.10637204522096609
0.5362694300518135	0.10637204522096609
0.537467700258398	0.10688591983556012
0.5360824742268041	0.10688591983556012
0.5372750642673522	0.10739979445015416
0.5358974358974359	0.10739979445015416
0.5345268542199488	0.10739979445015416
0.5331632653061225	0.10739979445015416
0.5343511450381679	0.1079136690647482
0.5329949238578681	0.1079136690647482
0.5316455696202531	0.1079136690647482
0.5328282828282829	0.10842754367934224
0.5314861460957179	0.10842754367934224
0.5301507537688442	0.10842754367934224
0.5288220551378446	0.10842754367934224
0.53	0.10894141829393628
0.5311720698254364	0.10945529290853032
0.5298507462686567	0.10945529290853032
0.5285359801488834	0.10945529290853032
0.5272277227722773	0.10945529290853032
0.5259259259259259	0.10945529290853032
0.5246305418719212	0.10945529290853032
0.5257985257985258	0.10996916752312436
0.5245098039215687	0.10996916752312436
0.5256723716381418	0.1104830421377184
0.524390243902439	0.1104830421377184
0.5255474452554745	0.11099691675231244
0.5266990291262136	0.11151079136690648
0.5278450363196125	0.11202466598150052
0.5265700483091788	0.11202466598150052
0.5253012048192771	0.11202466598150052
0.5240384615384616	0.11202466598150052
0.5227817745803357	0.11202466598150052
0.5215311004784688	0.11202466598150052
0.5202863961813843	0.11202466598150052
0.5214285714285715	0.11253854059609456
0.5201900237529691	0.11253854059609456
0.5213270142180095	0.1130524152106886
0.5200945626477541	0.1130524152106886
0.5188679245283019	0.1130524152106886
0.5176470588235295	0.1130524152106886
0.5164319248826291	0.1130524152106886
0.5152224824355972	0.1130524152106886
0.514018691588785	0.1130524152106886
0.5128205128205128	0.1130524152106886
0.5116279069767442	0.1130524152106886
0.5127610208816705	0.11356628982528263
0.5115740740740741	0.11356628982528263
0.5103926096997691	0.11356628982528263
0.5092165898617511	0.11356628982528263
0.5080459770114942	0.11356628982528263
0.5068807339449541	0.11356628982528263
0.505720823798627	0.11356628982528263
0.5045662100456622	0.11356628982528263
0.5056947608200456	0.11408016443987667
0.5068181818181818	0.11459403905447071
0.5056689342403629	0.11459403905447071
0.504524886877828	0.11459403905447071
0.5056433408577878	0.11510791366906475
0.5045045045045045	0.11510791366906475
0.503370786516854	0.11510791366906475
0.5022421524663677	0.11510791366906475
0.5011185682326622	0.11510791366906475
0.5022321428571429	0.1156217882836588
0.5033407572383074	0.11613566289825282
0.5022222222222222	0.11613566289825282
0.5011086474501109	0.11613566289825282
0.5	0.11613566289825282
0.5011037527593819	0.11664953751284686
0.5	0.11664953751284686
0.4989010989010989	0.11664953751284686
0.49780701754385964	0.11664953751284686
0.49671772428884026	0.11664953751284686
0.49563318777292575	0.11664953751284686
0.49673202614379086	0.1171634121274409
0.49782608695652175	0.11767728674203494
0.49891540130151846	0.11819116135662898
0.49783549783549785	0.11819116135662898
0.49676025917926564	0.11819116135662898
0.4956896551724138	0.11819116135662898
0.4967741935483871	0.11870503597122302
0.4957081545064378	0.11870503597122302
0.49464668094218417	0.11870503597122302
0.49572649572649574	0.11921891058581706
0.4946695095948827	0.11921891058581706
0.49361702127659574	0.11921891058581706
0.49256900212314225	0.11921891058581706
0.4915254237288136	0.11921891058581706
0.4904862579281184	0.11921891058581706
0.48945147679324896	0.11921891058581706
0.4884210526315789	0.11921891058581706
0.4894957983193277	0.1197327852004111
0.49056603773584906	0.12024665981500514
0.4895397489539749	0.12024665981500514
0.4906054279749478	0.12076053442959918
0.4895833333333333	0.12076053442959918
0.4885654885654886	0.12076053442959918
0.4896265560165975	0.12127440904419322
0.4906832298136646	0.12178828365878726
0.4896694214876033	0.12178828365878726
0.488659793814433	0.12178828365878726
0.4876543209876543	0.12178828365878726
0.4887063655030801	0.1223021582733813
0.48770491803278687	0.1223021582733813
0.4867075664621677	0.1223021582733813
0.4857142857142857	0.1223021582733813
0.4847250509164969	0.1223021582733813
0.48577235772357724	0.12281603288797534
0.486815415821501	0.12332990750256938
0.48785425101214575	0.12384378211716342
0.4888888888888889	0.12435765673175746
0.4879032258064516	0.12435765673175746
0.4869215291750503	0.12435765673175746
0.4859437751004016	0.12435765673175746
0.4849699398797595	0.12435765673175746
0.484	0.12435765673175746
0.48303393213572854	0.12435765673175746
0.4820717131474104	0.12435765673175746
0.48111332007952284	0.12435765673175746
0.4801587301587302	0.12435765673175746
0.4792079207920792	0.12435765673175746
0.4782608695652174	0.12435765673175746
0.47731755424063116	0.12435765673175746
0.4763779527559055	0.12435765673175746
0.47544204322200395	0.12435765673175746
0.4764705882352941	0.1248715313463515
0.4774951076320939	0.12538540596094552
0.478515625	0.12589928057553956
0.4775828460038986	0.12589928057553956
0.4766536964980545	0.12589928057553956
0.47572815533980584	0.12589928057553956
0.4748062015503876	0.12589928057553956
0.4738878143133462	0.12589928057553956
0.4749034749034749	0.1264131551901336
0.47398843930635837	0.1264131551901336
0.475	0.12692702980472764
0.4760076775431862	0.12744090441932168
0.47509578544061304	0.12744090441932168
0.47609942638623326	0.12795477903391572
0.4770992366412214	0.12846865364850976
0.47619047619047616	0.12846865364850976
0.4752851711026616	0.12846865364850976
0.476280834914611	0.1289825282631038
0.4772727272727273	0.12949640287769784
0.4763705103969754	0.12949640287769784
0.47547169811320755	0.12949640287769784
0.4745762711864407	0.12949640287769784
0.47368421052631576	0.12949640287769784
0.4727954971857411	0.12949640287769784
0.47191011235955055	0.12949640287769784
0.47102803738317756	0.12949640287769784
0.4701492537313433	0.12949640287769784
0.47113594040968343	0.13001027749229188
0.47026022304832715	0.13001027749229188
0.46938775510204084	0.13001027749229188
0.4685185185185185	0.13001027749229188
0.4676524953789279	0.13001027749229188
0.46863468634686345	0.13052415210688592
0.4677716390423573	0.13052415210688592
0.46691176470588236	0.13052415210688592
0.46605504587155966	0.13052415210688592
0.46703296703296704	0.13103802672147996
0.46617915904936014	0.13103802672147996
0.46715328467153283	0.131551901336074
0.4663023679417122	0.131551901336074
0.46545454545454545	0.131551901336074
0.4664246823956443	0.13206577595066804
0.46557971014492755	0.13206577595066804
0.46473779385171793	0.13206577595066804
0.463898916967509	0.13206577595066804
0.4648648648648649	0.13257965056526208
0.46402877697841727	0.13257965056526208
0.4631956912028725	0.13257965056526208
0.46236559139784944	0.13257965056526208
0.46153846153846156	0.13257965056526208
0.4607142857142857	0.13257965056526208
0.45989304812834225	0.13257965056526208
0.45907473309608543	0.13257965056526208
0.46003552397868563	0.13309352517985612
0.4592198581560284	0.13309352517985612
0.4584070796460177	0.13309352517985612
0.4575971731448763	0.13309352517985612
0.4567901234567901	0.13309352517985612
0.45598591549295775	0.13309352517985612
0.45694200351493847	0.13360739979445016
0.45614035087719296	0.13360739979445016
0.45709281961471104	0.1341212744090442
0.4562937062937063	0.1341212744090442
0.45549738219895286	0.1341212744090442
0.4547038327526132	0.1341212744090442
0.45565217391304347	0.13463514902363824
0.4548611111111111	0.13463514902363824
0.4558058925476603	0.13514902363823228
0.45501730103806226	0.13514902363823228
0.4542314335060449	0.13514902363823228
0.453448275862069	0.13514902363823228
0.45266781411359724	0.13514902363823228
0.4536082474226804	0.13566289825282632
0.4528301886792453	0.13566289825282632
0.4520547945205479	0.13566289825282632
0.4512820512820513	0.13566289825282632
0.45051194539249145	0.13566289825282632
0.4497444633730835	0.13566289825282632
0.4489795918367347	0.13566289825282632
0.44821731748726656	0.13566289825282632
0.44745762711864406	0.13566289825282632
0.4467005076142132	0.13566289825282632
0.44594594594594594	0.13566289825282632
0.4451939291736931	0.13566289825282632
0.44612794612794615	0.13617677286742036
0.44537815126050423	0.13617677286742036
0.4446308724832215	0.13617677286742036
0.4438860971524288	0.13617677286742036
0.44481605351170567	0.1366906474820144
0.44407345575959933	0.1366906474820144
0.445	0.13720452209660844
0.4442595673876872	0.13720452209660844
0.4435215946843854	0.13720452209660844
0.4427860696517413	0.13720452209660844
0.4420529801324503	0.13720452209660844
0.44297520661157025	0.13771839671120248
0.44224422442244227	0.13771839671120248
0.4415156507413509	0.13771839671120248
0.4407894736842105	0.13771839671120248
0.44170771756978655	0.13823227132579652
0.44098360655737706	0.13823227132579652
0.44189852700491	0.13874614594039056
0.4411764705882353	0.13874614594039056
0.44045676998368677	0.13874614594039056
0.43973941368078173	0.13874614594039056
0.43902439024390244	0.13874614594039056
0.4383116883116883	0.13874614594039056
0.4376012965964344	0.13874614594039056
0.4368932038834951	0.13874614594039056
0.4378029079159935	0.13926002055498457
0.43709677419354837	0.13926002055498457
0.43800322061191627	0.1397738951695786
0.43729903536977494	0.1397738951695786
0.43659711075441415	0.1397738951695786
0.4358974358974359	0.1397738951695786
0.4352	0.1397738951695786
0.43450479233226835	0.1397738951695786
0.43381180223285487	0.1397738951695786
0.43312101910828027	0.1397738951695786
0.43402225755166934	0.14028776978417265
0.43333333333333335	0.14028776978417265
0.43423137876386686	0.1408016443987667
0.435126582278481	0.14131551901336073
0.4344391785150079	0.14131551901336073
0.43375394321766564	0.14131551901336073
0.4330708661417323	0.14131551901336073
0.43238993710691825	0.14131551901336073
0.4317111459968603	0.14131551901336073
0.43103448275862066	0.14131551901336073
0.4303599374021909	0.14131551901336073
0.4296875	0.14131551901336073
0.4290171606864275	0.14131551901336073
0.42834890965732086	0.14131551901336073
0.42923794712286156	0.14182939362795477
0.42857142857142855	0.14182939362795477
0.4294573643410853	0.1423432682425488
0.42879256965944273	0.1423432682425488
0.42967542503863987	0.14285714285714285
0.42901234567901236	0.14285714285714285
0.4283513097072419	0.14285714285714285
0.4276923076923077	0.14285714285714285
0.4270353302611367	0.14285714285714285
0.4263803680981595	0.14285714285714285
0.42572741194486985	0.14285714285714285
0.42507645259938837	0.14285714285714285
0.42442748091603055	0.14285714285714285
0.42378048780487804	0.14285714285714285
0.4231354642313546	0.14285714285714285
0.42249240121580545	0.14285714285714285
0.4218512898330804	0.14285714285714285
0.4212121212121212	0.14285714285714285
0.4205748865355522	0.14285714285714285
0.4199395770392749	0.14285714285714285
0.4193061840120664	0.14285714285714285
0.42018072289156627	0.1433710174717369
0.4195488721804511	0.1433710174717369
0.4189189189189189	0.1433710174717369
0.41829085457271364	0.1433710174717369
0.4176646706586826	0.1433710174717369
0.4170403587443946	0.1433710174717369
0.4164179104477612	0.1433710174717369
0.4157973174366617	0.1433710174717369
0.41517857142857145	0.1433710174717369
0.4145616641901932	0.1433710174717369
0.41543026706231456	0.14388489208633093
0.4148148148148148	0.14388489208633093
0.41420118343195267	0.14388489208633093
0.413589364844904	0.14388489208633093
0.41297935103244837	0.14388489208633093
0.41237113402061853	0.14388489208633093
0.4117647058823529	0.14388489208633093
0.41262848751835535	0.14439876670092497
0.4120234604105572	0.14439876670092497
0.41142020497803805	0.14439876670092497
0.4108187134502924	0.14439876670092497
0.41021897810218977	0.14439876670092497
0.4096209912536443	0.14439876670092497
0.4090247452692867	0.14439876670092497
0.40843023255813954	0.14439876670092497
0.40783744557329465	0.14439876670092497
0.4072463768115942	0.14439876670092497
0.40665701881331406	0.14439876670092497
0.4060693641618497	0.14439876670092497
0.4054834054834055	0.14439876670092497
0.40634005763688763	0.144912641315519
0.40575539568345326	0.144912641315519
0.4051724137931034	0.144912641315519
0.40459110473457677	0.144912641315519
0.4040114613180516	0.144912641315519
0.4034334763948498	0.144912641315519
0.40285714285714286	0.144912641315519
0.40228245363766046	0.144912641315519
0.4017094017094017	0.144912641315519
0.4011379800853485	0.144912641315519
0.4005681818181818	0.144912641315519
0.4	0.144912641315519
0.39943342776203966	0.144912641315519
0.3988684582743989	0.144912641315519
0.3983050847457627	0.144912641315519
0.39774330042313116	0.144912641315519
0.39859154929577467	0.14542651593011305
0.3980309423347398	0.14542651593011305
0.39747191011235955	0.14542651593011305
0.39691444600280507	0.14542651593011305
0.3963585434173669	0.14542651593011305
0.3958041958041958	0.14542651593011305
0.3952513966480447	0.14542651593011305
0.39609483960948394	0.1459403905447071
0.3955431754874652	0.1459403905447071
0.3949930458970793	0.1459403905447071
0.39444444444444443	0.1459403905447071
0.39528432732316227	0.14645426515930113
0.3961218836565097	0.14696813977389517
0.3969571230982019	0.1474820143884892
0.39640883977900554	0.1474820143884892
0.3972413793103448	0.14799588900308325
0.39669421487603307	0.14799588900308325
0.39752407152682256	0.1485097636176773
0.39697802197802196	0.1485097636176773
0.39780521262002744	0.14902363823227133
0.39863013698630134	0.14953751284686537
0.39808481532147744	0.14953751284686537
0.3975409836065574	0.14953751284686537
0.3969986357435198	0.14953751284686537
0.39645776566757496	0.14953751284686537
0.39591836734693875	0.14953751284686537
0.3953804347826087	0.14953751284686537
0.3948439620081411	0.14953751284686537
0.3943089430894309	0.14953751284686537
0.39377537212449254	0.14953751284686537
0.3932432432432432	0.14953751284686537
0.39271255060728744	0.14953751284686537
0.3921832884097035	0.14953751284686537
0.3916554508748318	0.14953751284686537
0.3911290322580645	0.14953751284686537
0.3906040268456376	0.14953751284686537
0.3914209115281501	0.1500513874614594
0.392235609103079	0.15056526207605345
0.3917112299465241	0.15056526207605345
0.39118825100133514	0.15056526207605345
0.39066666666666666	0.15056526207605345
0.39014647137150466	0.15056526207605345
0.3896276595744681	0.15056526207605345
0.3904382470119522	0.1510791366906475
0.3912466843501326	0.15159301130524153
0.3920529801324503	0.15210688591983557
0.39285714285714285	0.1526207605344296
0.39233817701453105	0.1526207605344296
0.39313984168865435	0.15313463514902365
0.3926218708827404	0.15313463514902365
0.39342105263157895	0.15364850976361769
0.392904073587385	0.15364850976361769
0.39238845144356954	0.15364850976361769
0.3918741808650065	0.15364850976361769
0.3913612565445026	0.15364850976361769
0.3908496732026144	0.15364850976361769
0.391644908616188	0.15416238437821173
0.39113428943937417	0.15416238437821173
0.3919270833333333	0.15467625899280577
0.39271781534460337	0.1551901336073998
0.3922077922077922	0.1551901336073998
0.39169909208819714	0.1551901336073998
0.39248704663212436	0.15570400822199384
0.39197930142302717	0.15570400822199384
0.39147286821705424	0.15570400822199384
0.3909677419354839	0.15570400822199384
0.3904639175257732	0.15570400822199384
0.38996138996138996	0.15570400822199384
0.38946015424164526	0.15570400822199384
0.3889602053915276	0.15570400822199384
0.38846153846153847	0.15570400822199384
0.3892445582586428	0.15621788283658788
0.3887468030690537	0.15621788283658788
0.388250319284802	0.15621788283658788
0.3877551020408163	0.15621788283658788
0.3872611464968153	0.15621788283658788
0.3880407124681934	0.15673175745118192
0.3875476493011436	0.15673175745118192
0.3870558375634518	0.15673175745118192
0.3865652724968314	0.15673175745118192
0.3860759493670886	0.15673175745118192
0.38558786346396967	0.15673175745118192
0.3851010101010101	0.15673175745118192
0.38461538461538464	0.15673175745118192
0.38413098236775817	0.15673175745118192
0.3836477987421384	0.15673175745118192
0.38316582914572866	0.15673175745118192
0.38268506900878296	0.15673175745118192
0.38220551378446116	0.15673175745118192
0.38172715894868586	0.15673175745118192
0.38125	0.15673175745118192
0.38202247191011235	0.15724563206577596
0.3827930174563591	0.15775950668036998
0.3835616438356164	0.15827338129496402
0.38308457711442784	0.15827338129496402
0.3826086956521739	0.15827338129496402
0.38213399503722084	0.15827338129496402
0.3828996282527881	0.15878725590955806
0.38242574257425743	0.15878725590955806
0.3831891223733004	0.1593011305241521
0.38271604938271603	0.1593011305241521
0.38224414303329224	0.1593011305241521
0.3830049261083744	0.15981500513874614
0.38253382533825336	0.15981500513874614
0.3820638820638821	0.15981500513874614
0.3815950920245399	0.15981500513874614
0.38112745098039214	0.15981500513874614
0.3806609547123623	0.15981500513874614
0.3801955990220049	0.15981500513874614
0.38095238095238093	0.16032887975334018
0.3804878048780488	0.16032887975334018
0.3800243605359318	0.16032887975334018
0.38077858880778587	0.16084275436793422
0.38031591737545567	0.16084275436793422
0.37985436893203883	0.16084275436793422
0.3793939393939394	0.16084275436793422
0.3789346246973366	0.16084275436793422
0.37968561064087064	0.16135662898252826
0.37922705314009664	0.16135662898252826
0.37876960193003617	0.16135662898252826
0.3783132530120482	0.16135662898252826
0.3778580024067389	0.16135662898252826
0.37740384615384615	0.16135662898252826
0.37695078031212487	0.16135662898252826
0.3764988009592326	0.16135662898252826
0.3772455089820359	0.1618705035971223
0.37679425837320574	0.1618705035971223
0.3763440860215054	0.1618705035971223
0.37589498806682575	0.1618705035971223
0.37544696066746125	0.1618705035971223
0.3761904761904762	0.16238437821171633
0.375743162901308	0.16238437821171633
0.3752969121140142	0.16238437821171633
0.3748517200474496	0.16238437821171633
0.3744075829383886	0.16238437821171633
0.3739644970414201	0.16238437821171633
0.3735224586288416	0.16238437821171633
0.3730814639905549	0.16238437821171633
0.37264150943396224	0.16238437821171633
0.37220259128386335	0.16238437821171633
0.37176470588235294	0.16238437821171633
0.372502937720329	0.16289825282631037
0.3720657276995305	0.16289825282631037
0.3716295427901524	0.16289825282631037
0.37236533957845436	0.16341212744090441
0.3719298245614035	0.16341212744090441
0.37149532710280375	0.16341212744090441
0.3710618436406068	0.16341212744090441
0.3717948717948718	0.16392600205549845
0.37252619324796277	0.1644398766700925
0.3732558139534884	0.16495375128468653
0.37282229965156793	0.16495375128468653
0.3723897911832947	0.16495375128468653
0.3719582850521437	0.16495375128468653
0.3715277777777778	0.16495375128468653
0.3722543352601156	0.16546762589928057
0.3729792147806005	0.1659815005138746
0.37254901960784315	0.1659815005138746
0.3721198156682028	0.1659815005138746
0.3716915995397008	0.1659815005138746
0.37126436781609196	0.1659815005138746
