1.0	0.002277904328018223
1.0	0.004555808656036446
1.0	0.00683371298405467
1.0	0.009111617312072893
1.0	0.011389521640091117
1.0	0.01366742596810934
1.0	0.015945330296127564
1.0	0.018223234624145785
1.0	0.02050113895216401
1.0	0.022779043280182234
0.9090909090909091	0.022779043280182234
0.9166666666666666	0.025056947608200455
0.9230769230769231	0.02733485193621868
0.9285714285714286	0.029612756264236904
0.9333333333333333	0.03189066059225513
0.9375	0.03416856492027335
0.9411764705882353	0.03644646924829157
0.9444444444444444	0.0387243735763098
0.9473684210526315	0.04100227790432802
0.95	0.04328018223234624
0.9523809523809523	0.04555808656036447
0.9545454545454546	0.04783599088838269
0.9565217391304348	0.05011389521640091
0.9166666666666666	0.05011389521640091
0.92	0.05239179954441914
0.9230769230769231	0.05466970387243736
0.9259259259259259	0.05694760820045558
0.9285714285714286	0.05922551252847381
0.9310344827586207	0.06150341685649203
0.9333333333333333	0.06378132118451026
0.9354838709677419	0.06605922551252848
0.9375	0.0683371298405467
0.9393939393939394	0.07061503416856492
0.9411764705882353	0.07289293849658314
0.9428571428571428	0.07517084282460136
0.9166666666666666	0.07517084282460136
0.8918918918918919	0.07517084282460136
0.868421052631579	0.07517084282460136
0.8461538461538461	0.07517084282460136
0.825	0.07517084282460136
0.8292682926829268	0.0774487471526196
0.8095238095238095	0.0774487471526196
0.813953488372093	0.07972665148063782
0.8181818181818182	0.08200455580865604
0.8222222222222222	0.08428246013667426
0.8260869565217391	0.08656036446469248
0.8085106382978723	0.08656036446469248
0.8125	0.0888382687927107
0.8163265306122449	0.09111617312072894
0.82	0.09339407744874716
0.8235294117647058	0.09567198177676538
0.8076923076923077	0.09567198177676538
0.8113207547169812	0.0979498861047836
0.8148148148148148	0.10022779043280182
0.8181818181818182	0.10250569476082004
0.8035714285714286	0.10250569476082004
0.8070175438596491	0.10478359908883828
0.8103448275862069	0.1070615034168565
0.7966101694915254	0.1070615034168565
0.8	0.10933940774487472
0.8032786885245902	0.11161731207289294
0.8064516129032258	0.11389521640091116
0.8095238095238095	0.11617312072892938
0.8125	0.11845102505694761
0.8153846153846154	0.12072892938496584
0.8181818181818182	0.12300683371298406
0.8208955223880597	0.1252847380410023
0.8235294117647058	0.1275626423690205
0.8260869565217391	0.12984054669703873
0.8142857142857143	0.12984054669703873
0.8169014084507042	0.13211845102505695
0.8194444444444444	0.13439635535307518
0.8082191780821918	0.13439635535307518
0.8108108108108109	0.1366742596810934
0.8133333333333334	0.13895216400911162
0.8026315789473685	0.13895216400911162
0.8051948051948052	0.14123006833712984
0.8076923076923077	0.14350797266514806
0.810126582278481	0.14578587699316628
0.8	0.14578587699316628
0.8024691358024691	0.1480637813211845
0.8048780487804879	0.15034168564920272
0.8072289156626506	0.15261958997722094
0.8095238095238095	0.1548974943052392
0.8	0.1548974943052392
0.8023255813953488	0.1571753986332574
0.8045977011494253	0.15945330296127563
0.8068181818181818	0.16173120728929385
0.8089887640449438	0.16400911161731208
0.8111111111111111	0.1662870159453303
0.8131868131868132	0.16856492027334852
0.8043478260869565	0.16856492027334852
0.8064516129032258	0.17084282460136674
0.8085106382978723	0.17312072892938496
0.8105263157894737	0.17539863325740318
0.8125	0.1776765375854214
0.8041237113402062	0.1776765375854214
0.8061224489795918	0.17995444191343962
0.797979797979798	0.17995444191343962
0.8	0.18223234624145787
0.801980198019802	0.1845102505694761
0.803921568627451	0.1867881548974943
0.8058252427184466	0.18906605922551253
0.8076923076923077	0.19134396355353075
0.8095238095238095	0.19362186788154898
0.8113207547169812	0.1958997722095672
0.8130841121495327	0.19817767653758542
0.8148148148148148	0.20045558086560364
0.8165137614678899	0.20273348519362186
0.8181818181818182	0.20501138952164008
0.8198198198198198	0.2072892938496583
0.8214285714285714	0.20956719817767655
0.8230088495575221	0.21184510250569477
0.8245614035087719	0.214123006833713
0.8173913043478261	0.214123006833713
0.8189655172413793	0.2164009111617312
0.8205128205128205	0.21867881548974943
