1.0	5.138746145940391E-4
0.5	5.138746145940391E-4
0.6666666666666666	0.0010277492291880781
0.5	0.0010277492291880781
0.4	0.0010277492291880781
0.5	0.001541623843782117
0.5714285714285714	0.0020554984583761563
0.5	0.0020554984583761563
0.5555555555555556	0.0025693730729701952
0.6	0.003083247687564234
0.5454545454545454	0.003083247687564234
0.5833333333333334	0.0035971223021582736
0.5384615384615384	0.0035971223021582736
0.5	0.0035971223021582736
0.5333333333333333	0.0041109969167523125
0.5625	0.0046248715313463515
0.5294117647058824	0.0046248715313463515
0.5555555555555556	0.0051387461459403904
0.5263157894736842	0.0051387461459403904
0.55	0.005652620760534429
0.5714285714285714	0.006166495375128468
0.5454545454545454	0.006166495375128468
0.5652173913043478	0.006680369989722507
0.5833333333333334	0.007194244604316547
0.56	0.007194244604316547
0.5769230769230769	0.007708119218910586
0.5925925925925926	0.008221993833504625
0.6071428571428571	0.008735868448098663
0.6206896551724138	0.009249743062692703
0.6333333333333333	0.009763617677286743
0.6451612903225806	0.010277492291880781
0.65625	0.01079136690647482
0.6666666666666666	0.011305241521068859
0.6470588235294118	0.011305241521068859
0.6571428571428571	0.011819116135662899
0.6388888888888888	0.011819116135662899
0.6486486486486487	0.012332990750256937
0.6578947368421053	0.012846865364850977
0.6666666666666666	0.013360739979445015
0.65	0.013360739979445015
0.6585365853658537	0.013874614594039054
0.6428571428571429	0.013874614594039054
0.6511627906976745	0.014388489208633094
0.6590909090909091	0.014902363823227132
0.6666666666666666	0.015416238437821172
0.6739130434782609	0.01593011305241521
0.6595744680851063	0.01593011305241521
0.6458333333333334	0.01593011305241521
0.6530612244897959	0.01644398766700925
0.66	0.01695786228160329
0.6666666666666666	0.017471736896197326
0.6538461538461539	0.017471736896197326
0.6415094339622641	0.017471736896197326
0.6296296296296297	0.017471736896197326
0.6181818181818182	0.017471736896197326
0.625	0.017985611510791366
0.6140350877192983	0.017985611510791366
0.6206896551724138	0.018499486125385406
0.6271186440677966	0.019013360739979446
0.6333333333333333	0.019527235354573486
0.639344262295082	0.020041109969167522
0.6451612903225806	0.020554984583761562
0.6507936507936508	0.0210688591983556
0.65625	0.02158273381294964
0.6461538461538462	0.02158273381294964
0.6363636363636364	0.02158273381294964
0.6268656716417911	0.02158273381294964
0.6323529411764706	0.022096608427543678
0.6376811594202898	0.022610483042137718
0.6428571428571429	0.023124357656731757
0.647887323943662	0.023638232271325797
0.6527777777777778	0.024152106885919837
0.6575342465753424	0.024665981500513873
0.6621621621621622	0.025179856115107913
0.6666666666666666	0.025693730729701953
0.6578947368421053	0.025693730729701953
0.6623376623376623	0.026207605344295993
0.6666666666666666	0.02672147995889003
0.6582278481012658	0.02672147995889003
0.6625	0.02723535457348407
0.6666666666666666	0.02774922918807811
0.6707317073170732	0.02826310380267215
0.6746987951807228	0.02877697841726619
0.6666666666666666	0.02877697841726619
0.6705882352941176	0.029290853031860225
0.6744186046511628	0.029804727646454265
0.6666666666666666	0.029804727646454265
0.6590909090909091	0.029804727646454265
0.6629213483146067	0.030318602261048305
0.6666666666666666	0.030832476875642344
0.6703296703296703	0.03134635149023638
0.6739130434782609	0.03186022610483042
0.6666666666666666	0.03186022610483042
0.6702127659574468	0.03237410071942446
0.6736842105263158	0.0328879753340185
0.6666666666666666	0.0328879753340185
0.6701030927835051	0.03340184994861254
0.673469387755102	0.03391572456320658
0.6767676767676768	0.03442959917780062
0.67	0.03442959917780062
0.6633663366336634	0.03442959917780062
0.6568627450980392	0.03442959917780062
0.6601941747572816	0.03494347379239465
0.6538461538461539	0.03494347379239465
0.6476190476190476	0.03494347379239465
0.6509433962264151	0.03545734840698869
0.6542056074766355	0.03597122302158273
0.6574074074074074	0.03648509763617677
0.6513761467889908	0.03648509763617677
0.6454545454545455	0.03648509763617677
0.6396396396396397	0.03648509763617677
0.6428571428571429	0.03699897225077081
0.6371681415929203	0.03699897225077081
0.6403508771929824	0.03751284686536485
0.6347826086956522	0.03751284686536485
0.6293103448275862	0.03751284686536485
0.6239316239316239	0.03751284686536485
0.6186440677966102	0.03751284686536485
0.6218487394957983	0.03802672147995889
0.6166666666666667	0.03802672147995889
0.6198347107438017	0.03854059609455293
0.6229508196721312	0.03905447070914697
0.6260162601626016	0.039568345323741004
0.6290322580645161	0.040082219938335044
0.624	0.040082219938335044
0.626984126984127	0.040596094552929084
0.6299212598425197	0.041109969167523124
0.625	0.041109969167523124
0.627906976744186	0.04162384378211716
0.6230769230769231	0.04162384378211716
0.6259541984732825	0.0421377183967112
0.6287878787878788	0.04265159301130524
0.631578947368421	0.04316546762589928
0.6343283582089553	0.04367934224049332
0.6296296296296297	0.04367934224049332
0.6323529411764706	0.044193216855087356
0.635036496350365	0.044707091469681395
0.6304347826086957	0.044707091469681395
0.6258992805755396	0.044707091469681395
0.6214285714285714	0.044707091469681395
0.624113475177305	0.045220966084275435
0.6197183098591549	0.045220966084275435
0.6223776223776224	0.045734840698869475
0.625	0.046248715313463515
0.6206896551724138	0.046248715313463515
0.6164383561643836	0.046248715313463515
0.6122448979591837	0.046248715313463515
0.6148648648648649	0.046762589928057555
0.6174496644295302	0.047276464542651594
0.6133333333333333	0.047276464542651594
0.609271523178808	0.047276464542651594
0.6118421052631579	0.047790339157245634
0.6143790849673203	0.048304213771839674
0.6103896103896104	0.048304213771839674
0.6129032258064516	0.04881808838643371
0.6089743589743589	0.04881808838643371
0.6114649681528662	0.04933196300102775
0.6075949367088608	0.04933196300102775
0.610062893081761	0.04984583761562179
0.60625	0.04984583761562179
0.6024844720496895	0.04984583761562179
0.5987654320987654	0.04984583761562179
0.6012269938650306	0.050359712230215826
0.6036585365853658	0.050873586844809866
0.6	0.050873586844809866
0.6024096385542169	0.051387461459403906
0.5988023952095808	0.051387461459403906
0.6011904761904762	0.051901336073997946
0.6035502958579881	0.052415210688591986
0.6058823529411764	0.052929085303186026
0.6081871345029239	0.05344295991778006
0.6104651162790697	0.0539568345323741
0.6127167630057804	0.05447070914696814
0.6149425287356322	0.05498458376156218
0.6114285714285714	0.05498458376156218
0.6136363636363636	0.05549845837615622
0.6101694915254238	0.05549845837615622
0.6067415730337079	0.05549845837615622
0.6089385474860335	0.05601233299075026
0.6111111111111112	0.0565262076053443
0.6132596685082873	0.05704008221993834
0.6153846153846154	0.05755395683453238
0.6174863387978142	0.05806783144912641
0.6195652173913043	0.05858170606372045
0.6216216216216216	0.05909558067831449
0.6236559139784946	0.05960945529290853
0.6256684491978609	0.06012332990750257
0.6276595744680851	0.06063720452209661
0.6296296296296297	0.06115107913669065
0.631578947368421	0.06166495375128469
0.6282722513089005	0.06166495375128469
0.6302083333333334	0.06217882836587873
0.6269430051813472	0.06217882836587873
0.6288659793814433	0.06269270298047276
0.6307692307692307	0.0632065775950668
0.6275510204081632	0.0632065775950668
0.6294416243654822	0.06372045220966084
0.6313131313131313	0.06423432682425488
0.6331658291457286	0.06474820143884892
0.635	0.06526207605344296
0.6318407960199005	0.06526207605344296
0.6336633663366337	0.065775950668037
0.6354679802955665	0.06628982528263104
0.6372549019607843	0.06680369989722508
0.6390243902439025	0.06731757451181912
0.6407766990291263	0.06783144912641316
0.642512077294686	0.0683453237410072
0.6394230769230769	0.0683453237410072
0.6411483253588517	0.06885919835560124
0.6428571428571429	0.06937307297019528
0.6445497630331753	0.0698869475847893
0.6415094339622641	0.0698869475847893
0.6384976525821596	0.0698869475847893
0.6355140186915887	0.0698869475847893
0.6325581395348837	0.0698869475847893
0.6296296296296297	0.0698869475847893
0.631336405529954	0.07040082219938334
0.6284403669724771	0.07040082219938334
0.6301369863013698	0.07091469681397738
0.6318181818181818	0.07142857142857142
0.6334841628959276	0.07194244604316546
0.6306306306306306	0.07194244604316546
0.6278026905829597	0.07194244604316546
0.6294642857142857	0.0724563206577595
0.6311111111111111	0.07297019527235354
0.6283185840707964	0.07297019527235354
0.6299559471365639	0.07348406988694758
0.631578947368421	0.07399794450154162
0.6331877729257642	0.07451181911613566
0.6304347826086957	0.07451181911613566
0.6277056277056277	0.07451181911613566
0.6293103448275862	0.0750256937307297
0.630901287553648	0.07553956834532374
0.6282051282051282	0.07553956834532374
0.625531914893617	0.07553956834532374
0.6228813559322034	0.07553956834532374
0.6244725738396625	0.07605344295991778
0.6260504201680672	0.07656731757451182
0.6234309623430963	0.07656731757451182
0.6208333333333333	0.07656731757451182
0.6224066390041494	0.07708119218910586
0.6198347107438017	0.07708119218910586
0.6172839506172839	0.07708119218910586
0.6147540983606558	0.07708119218910586
0.6122448979591837	0.07708119218910586
0.6097560975609756	0.07708119218910586
0.611336032388664	0.0775950668036999
0.6129032258064516	0.07810894141829394
0.6144578313253012	0.07862281603288798
0.612	0.07862281603288798
0.6135458167330677	0.07913669064748201
0.6150793650793651	0.07965056526207605
0.6126482213438735	0.07965056526207605
0.610236220472441	0.07965056526207605
0.6078431372549019	0.07965056526207605
0.609375	0.08016443987667009
0.6108949416342413	0.08067831449126413
0.6124031007751938	0.08119218910585817
0.6138996138996139	0.08170606372045221
0.6153846153846154	0.08221993833504625
0.6130268199233716	0.08221993833504625
0.6106870229007634	0.08221993833504625
0.6121673003802282	0.08273381294964029
0.6136363636363636	0.08324768756423433
0.6113207547169811	0.08324768756423433
0.6127819548872181	0.08376156217882837
0.6142322097378277	0.0842754367934224
0.6119402985074627	0.0842754367934224
0.6096654275092936	0.0842754367934224
0.6074074074074074	0.0842754367934224
0.6051660516605166	0.0842754367934224
0.6029411764705882	0.0842754367934224
0.6043956043956044	0.08478931140801645
0.6021897810218978	0.08478931140801645
0.6036363636363636	0.08530318602261049
0.6014492753623188	0.08530318602261049
0.5992779783393501	0.08530318602261049
0.5971223021582733	0.08530318602261049
0.5985663082437276	0.08581706063720453
0.5964285714285714	0.08581706063720453
0.594306049822064	0.08581706063720453
0.5957446808510638	0.08633093525179857
0.5971731448763251	0.0868448098663926
0.5950704225352113	0.0868448098663926
0.5929824561403508	0.0868448098663926
0.5909090909090909	0.0868448098663926
0.5923344947735192	0.08735868448098665
0.59375	0.08787255909558069
0.5916955017301038	0.08787255909558069
0.5896551724137931	0.08787255909558069
0.5910652920962199	0.08838643371017471
0.589041095890411	0.08838643371017471
0.5870307167235495	0.08838643371017471
0.5850340136054422	0.08838643371017471
0.5830508474576271	0.08838643371017471
0.581081081081081	0.08838643371017471
0.5791245791245792	0.08838643371017471
0.5805369127516778	0.08890030832476875
0.5819397993311036	0.08941418293936279
0.5833333333333334	0.08992805755395683
0.584717607973422	0.09044193216855087
0.5827814569536424	0.09044193216855087
0.5841584158415841	0.09095580678314491
0.5822368421052632	0.09095580678314491
0.580327868852459	0.09095580678314491
0.5816993464052288	0.09146968139773895
0.5798045602605864	0.09146968139773895
0.5811688311688312	0.09198355601233299
0.5825242718446602	0.09249743062692703
0.5838709677419355	0.09301130524152107
0.5819935691318328	0.09301130524152107
0.5833333333333334	0.09352517985611511
0.5846645367412141	0.09403905447070915
0.5828025477707006	0.09403905447070915
0.580952380952381	0.09403905447070915
0.5791139240506329	0.09403905447070915
0.5772870662460567	0.09403905447070915
0.5754716981132075	0.09403905447070915
0.5736677115987461	0.09403905447070915
0.575	0.09455292908530319
0.5763239875389408	0.09506680369989723
0.577639751552795	0.09558067831449127
0.5789473684210527	0.09609455292908531
0.5771604938271605	0.09609455292908531
0.5753846153846154	0.09609455292908531
0.5736196319018405	0.09609455292908531
0.5718654434250765	0.09609455292908531
0.5701219512195121	0.09609455292908531
0.5683890577507599	0.09609455292908531
0.5696969696969697	0.09660842754367935
0.56797583081571	0.09660842754367935
0.5662650602409639	0.09660842754367935
0.5675675675675675	0.09712230215827339
0.5688622754491018	0.09763617677286741
0.5701492537313433	0.09815005138746145
0.5714285714285714	0.0986639260020555
0.56973293768546	0.0986639260020555
0.5680473372781065	0.0986639260020555
0.5663716814159292	0.0986639260020555
0.5676470588235294	0.09917780061664953
0.5659824046920822	0.09917780061664953
0.5672514619883041	0.09969167523124357
0.5685131195335277	0.10020554984583761
0.5697674418604651	0.10071942446043165
0.5681159420289855	0.10071942446043165
0.5664739884393064	0.10071942446043165
0.5677233429394812	0.10123329907502569
0.5660919540229885	0.10123329907502569
0.5644699140401146	0.10123329907502569
0.5628571428571428	0.10123329907502569
0.5612535612535613	0.10123329907502569
0.5596590909090909	0.10123329907502569
0.5580736543909348	0.10123329907502569
0.556497175141243	0.10123329907502569
0.5549295774647888	0.10123329907502569
0.5561797752808989	0.10174717368961973
0.5546218487394958	0.10174717368961973
0.553072625698324	0.10174717368961973
0.5515320334261838	0.10174717368961973
0.5527777777777778	0.10226104830421377
0.5512465373961218	0.10226104830421377
0.5524861878453039	0.10277492291880781
0.5509641873278237	0.10277492291880781
0.5521978021978022	0.10328879753340185
0.5506849315068493	0.10328879753340185
0.5519125683060109	0.10380267214799589
0.553133514986376	0.10431654676258993
0.5516304347826086	0.10431654676258993
0.5501355013550135	0.10431654676258993
0.5513513513513514	0.10483042137718397
0.5498652291105122	0.10483042137718397
0.5483870967741935	0.10483042137718397
0.5495978552278821	0.10534429599177801
0.5481283422459893	0.10534429599177801
0.5493333333333333	0.10585817060637205
0.5478723404255319	0.10585817060637205
0.5464190981432361	0.10585817060637205
0.544973544973545	0.10585817060637205
0.5435356200527705	0.10585817060637205
0.5421052631578948	0.10585817060637205
0.5406824146981627	0.10585817060637205
0.5392670157068062	0.10585817060637205
0.5378590078328982	0.10585817060637205
0.5364583333333334	0.10585817060637205
0.535064935064935	0.10585817060637205
0.5362694300518135	0.10637204522096609
0.5348837209302325	0.10637204522096609
0.5335051546391752	0.10637204522096609
0.532133676092545	0.10637204522096609
0.5307692307692308	0.10637204522096609
0.5294117647058824	0.10637204522096609
0.5306122448979592	0.10688591983556012
0.5292620865139949	0.10688591983556012
0.5279187817258884	0.10688591983556012
0.5265822784810127	0.10688591983556012
0.5252525252525253	0.10688591983556012
0.5239294710327456	0.10688591983556012
0.5226130653266332	0.10688591983556012
0.5213032581453634	0.10688591983556012
0.52	0.10688591983556012
0.5211970074812967	0.10739979445015416
0.5223880597014925	0.1079136690647482
0.5235732009925558	0.10842754367934224
0.5222772277227723	0.10842754367934224
0.5209876543209877	0.10842754367934224
0.5221674876847291	0.10894141829393628
0.5233415233415234	0.10945529290853032
0.5245098039215687	0.10996916752312436
0.5232273838630807	0.10996916752312436
0.5219512195121951	0.10996916752312436
0.5231143552311436	0.1104830421377184
0.5242718446601942	0.11099691675231244
0.5254237288135594	0.11151079136690648
0.5241545893719807	0.11151079136690648
0.5228915662650603	0.11151079136690648
0.5216346153846154	0.11151079136690648
0.5203836930455635	0.11151079136690648
0.5191387559808612	0.11151079136690648
0.5202863961813843	0.11202466598150052
0.5214285714285715	0.11253854059609456
0.5201900237529691	0.11253854059609456
0.5213270142180095	0.1130524152106886
0.5200945626477541	0.1130524152106886
0.5188679245283019	0.1130524152106886
0.5176470588235295	0.1130524152106886
0.5187793427230047	0.11356628982528263
0.5199063231850117	0.11408016443987667
0.5186915887850467	0.11408016443987667
0.5174825174825175	0.11408016443987667
0.5162790697674419	0.11408016443987667
0.5150812064965197	0.11408016443987667
0.5162037037037037	0.11459403905447071
0.5173210161662818	0.11510791366906475
0.5161290322580645	0.11510791366906475
0.5149425287356322	0.11510791366906475
0.5137614678899083	0.11510791366906475
0.5148741418764302	0.1156217882836588
0.5159817351598174	0.11613566289825282
0.5170842824601367	0.11664953751284686
0.5181818181818182	0.1171634121274409
0.5192743764172335	0.11767728674203494
0.5203619909502263	0.11819116135662898
0.5214446952595937	0.11870503597122302
0.5225225225225225	0.11921891058581706
0.5213483146067416	0.11921891058581706
0.5224215246636771	0.1197327852004111
0.5212527964205816	0.1197327852004111
0.5200892857142857	0.1197327852004111
0.5189309576837416	0.1197327852004111
0.5177777777777778	0.1197327852004111
0.516629711751663	0.1197327852004111
0.5154867256637168	0.1197327852004111
0.5143487858719646	0.1197327852004111
0.5154185022026432	0.12024665981500514
0.5142857142857142	0.12024665981500514
0.5153508771929824	0.12076053442959918
0.5142231947483589	0.12076053442959918
0.5131004366812227	0.12076053442959918
0.5119825708061002	0.12076053442959918
0.5108695652173914	0.12076053442959918
0.5119305856832972	0.12127440904419322
0.512987012987013	0.12178828365878726
0.5118790496760259	0.12178828365878726
0.5107758620689655	0.12178828365878726
0.5096774193548387	0.12178828365878726
0.5085836909871244	0.12178828365878726
0.5074946466809421	0.12178828365878726
0.5064102564102564	0.12178828365878726
0.5074626865671642	0.1223021582733813
0.5063829787234042	0.1223021582733813
0.5074309978768577	0.12281603288797534
0.5063559322033898	0.12281603288797534
0.5052854122621564	0.12281603288797534
0.5042194092827004	0.12281603288797534
0.5052631578947369	0.12332990750256938
0.5042016806722689	0.12332990750256938
0.5031446540880503	0.12332990750256938
0.502092050209205	0.12332990750256938
0.5010438413361169	0.12332990750256938
0.5	0.12332990750256938
0.498960498960499	0.12332990750256938
0.5	0.12384378211716342
0.4989648033126294	0.12384378211716342
0.49793388429752067	0.12384378211716342
0.49896907216494846	0.12435765673175746
0.49794238683127573	0.12435765673175746
0.49691991786447637	0.12435765673175746
0.4959016393442623	0.12435765673175746
0.49693251533742333	0.1248715313463515
0.4959183673469388	0.1248715313463515
0.49490835030549896	0.1248715313463515
0.4959349593495935	0.12538540596094552
0.4969574036511156	0.12589928057553956
0.4959514170040486	0.12589928057553956
0.494949494949495	0.12589928057553956
0.4939516129032258	0.12589928057553956
0.49295774647887325	0.12589928057553956
0.4919678714859438	0.12589928057553956
0.4909819639278557	0.12589928057553956
0.49	0.12589928057553956
0.49101796407185627	0.1264131551901336
0.4900398406374502	0.1264131551901336
0.48906560636182905	0.1264131551901336
0.49007936507936506	0.12692702980472764
0.4891089108910891	0.12692702980472764
0.4881422924901186	0.12692702980472764
0.48717948717948717	0.12692702980472764
0.4862204724409449	0.12692702980472764
0.48526522593320237	0.12692702980472764
0.4843137254901961	0.12692702980472764
0.48336594911937375	0.12692702980472764
0.482421875	0.12692702980472764
0.48148148148148145	0.12692702980472764
0.4805447470817121	0.12692702980472764
0.4815533980582524	0.12744090441932168
0.4806201550387597	0.12744090441932168
0.4796905222437137	0.12744090441932168
0.47876447876447875	0.12744090441932168
0.47784200385356457	0.12744090441932168
0.47692307692307695	0.12744090441932168
0.4760076775431862	0.12744090441932168
0.47509578544061304	0.12744090441932168
0.47418738049713194	0.12744090441932168
0.4751908396946565	0.12795477903391572
0.4742857142857143	0.12795477903391572
0.47338403041825095	0.12795477903391572
0.47248576850094876	0.12795477903391572
0.4715909090909091	0.12795477903391572
0.4706994328922495	0.12795477903391572
0.469811320754717	0.12795477903391572
0.4689265536723164	0.12795477903391572
0.4699248120300752	0.12846865364850976
0.46904315196998125	0.12846865364850976
0.4681647940074906	0.12846865364850976
0.4672897196261682	0.12846865364850976
0.4664179104477612	0.12846865364850976
0.4655493482309125	0.12846865364850976
0.4646840148698885	0.12846865364850976
0.46382189239332094	0.12846865364850976
0.4648148148148148	0.1289825282631038
0.46395563770794823	0.1289825282631038
0.46309963099630996	0.1289825282631038
0.4622467771639042	0.1289825282631038
0.46139705882352944	0.1289825282631038
0.46055045871559636	0.1289825282631038
0.4597069597069597	0.1289825282631038
0.45886654478976235	0.1289825282631038
0.45985401459854014	0.12949640287769784
0.45901639344262296	0.12949640287769784
0.4581818181818182	0.12949640287769784
0.4573502722323049	0.12949640287769784
0.45652173913043476	0.12949640287769784
0.45569620253164556	0.12949640287769784
0.4566787003610108	0.13001027749229188
0.45585585585585586	0.13001027749229188
0.4550359712230216	0.13001027749229188
0.4542190305206463	0.13001027749229188
0.45340501792114696	0.13001027749229188
0.4525939177101968	0.13001027749229188
0.45357142857142857	0.13052415210688592
0.45276292335115864	0.13052415210688592
0.45195729537366547	0.13052415210688592
0.4511545293072824	0.13052415210688592
0.450354609929078	0.13052415210688592
0.4495575221238938	0.13052415210688592
0.44876325088339225	0.13052415210688592
0.4479717813051146	0.13052415210688592
0.4471830985915493	0.13052415210688592
0.44815465729349735	0.13103802672147996
0.4473684210526316	0.13103802672147996
0.44658493870402804	0.13103802672147996
0.4458041958041958	0.13103802672147996
0.44502617801047123	0.13103802672147996
0.4442508710801394	0.13103802672147996
0.4434782608695652	0.13103802672147996
0.4427083333333333	0.13103802672147996
0.44194107452339687	0.13103802672147996
0.4411764705882353	0.13103802672147996
0.44041450777202074	0.13103802672147996
0.4413793103448276	0.131551901336074
0.4406196213425129	0.131551901336074
0.43986254295532645	0.131551901336074
0.44082332761578047	0.13206577595066804
0.4417808219178082	0.13257965056526208
0.4427350427350427	0.13309352517985612
0.44197952218430037	0.13309352517985612
0.44122657580919933	0.13309352517985612
0.4421768707482993	0.13360739979445016
0.44142614601018676	0.13360739979445016
0.4406779661016949	0.13360739979445016
0.43993231810490696	0.13360739979445016
0.4391891891891892	0.13360739979445016
0.44013490725126475	0.1341212744090442
0.44107744107744107	0.13463514902363824
0.44201680672268906	0.13514902363823228
0.4412751677852349	0.13514902363823228
0.440536013400335	0.13514902363823228
0.4397993311036789	0.13514902363823228
0.44073455759599334	0.13566289825282632
0.44166666666666665	0.13617677286742036
0.44093178036605657	0.13617677286742036
0.44019933554817275	0.13617677286742036
0.439469320066335	0.13617677286742036
0.43874172185430466	0.13617677286742036
0.4380165289256198	0.13617677286742036
0.4372937293729373	0.13617677286742036
0.43657331136738053	0.13617677286742036
0.43585526315789475	0.13617677286742036
0.4351395730706076	0.13617677286742036
0.4344262295081967	0.13617677286742036
0.4337152209492635	0.13617677286742036
0.43300653594771243	0.13617677286742036
0.43230016313213704	0.13617677286742036
0.43322475570032576	0.1366906474820144
0.43414634146341463	0.13720452209660844
0.43344155844155846	0.13720452209660844
0.4327390599675851	0.13720452209660844
0.4336569579288026	0.13771839671120248
0.43295638126009695	0.13771839671120248
0.432258064516129	0.13771839671120248
0.43156199677938806	0.13771839671120248
0.432475884244373	0.13823227132579652
0.4333868378812199	0.13874614594039056
0.4342948717948718	0.13926002055498457
0.4352	0.1397738951695786
0.43450479233226835	0.1397738951695786
0.43381180223285487	0.1397738951695786
0.43312101910828027	0.1397738951695786
0.43243243243243246	0.1397738951695786
0.43333333333333335	0.14028776978417265
0.4326465927099842	0.14028776978417265
0.4319620253164557	0.14028776978417265
0.43285939968404424	0.1408016443987667
0.43375394321766564	0.14131551901336073
0.4330708661417323	0.14131551901336073
0.43238993710691825	0.14131551901336073
0.4317111459968603	0.14131551901336073
0.43103448275862066	0.14131551901336073
0.4303599374021909	0.14131551901336073
0.4296875	0.14131551901336073
0.4290171606864275	0.14131551901336073
0.42834890965732086	0.14131551901336073
0.4276827371695179	0.14131551901336073
0.42701863354037267	0.14131551901336073
0.4263565891472868	0.14131551901336073
0.42569659442724456	0.14131551901336073
0.4250386398763524	0.14131551901336073
0.4243827160493827	0.14131551901336073
0.423728813559322	0.14131551901336073
0.4246153846153846	0.14182939362795477
0.4254992319508449	0.1423432682425488
0.4263803680981595	0.14285714285714285
0.42725880551301687	0.1433710174717369
0.42660550458715596	0.1433710174717369
0.4259541984732824	0.1433710174717369
0.4253048780487805	0.1433710174717369
0.4246575342465753	0.1433710174717369
0.425531914893617	0.14388489208633093
0.424886191198786	0.14388489208633093
0.42424242424242425	0.14388489208633093
0.42511346444780634	0.14439876670092497
0.4244712990936556	0.14439876670092497
0.4253393665158371	0.144912641315519
0.4246987951807229	0.144912641315519
0.42406015037593986	0.144912641315519
0.42342342342342343	0.144912641315519
0.424287856071964	0.14542651593011305
0.4236526946107784	0.14542651593011305
0.42301943198804187	0.14542651593011305
0.42388059701492536	0.1459403905447071
0.4232488822652757	0.1459403905447071
0.42410714285714285	0.14645426515930113
0.4234769687964339	0.14645426515930113
0.4228486646884273	0.14645426515930113
0.4222222222222222	0.14645426515930113
0.42159763313609466	0.14645426515930113
0.42097488921713444	0.14645426515930113
0.42035398230088494	0.14645426515930113
0.41973490427098675	0.14645426515930113
0.41911764705882354	0.14645426515930113
0.4185022026431718	0.14645426515930113
0.41935483870967744	0.14696813977389517
0.41874084919472915	0.14696813977389517
0.41812865497076024	0.14696813977389517
0.41897810218978104	0.1474820143884892
0.41836734693877553	0.1474820143884892
0.4177583697234352	0.1474820143884892
0.4171511627906977	0.1474820143884892
0.41654571843251087	0.1474820143884892
0.41739130434782606	0.14799588900308325
0.4182344428364689	0.1485097636176773
0.41763005780346824	0.1485097636176773
0.4184704184704185	0.14902363823227133
0.41786743515850144	0.14902363823227133
0.4172661870503597	0.14902363823227133
0.41810344827586204	0.14953751284686537
0.41750358680057387	0.14953751284686537
0.4169054441260745	0.14953751284686537
0.41630901287553645	0.14953751284686537
0.4157142857142857	0.14953751284686537
0.41512125534950073	0.14953751284686537
0.41452991452991456	0.14953751284686537
0.4139402560455192	0.14953751284686537
0.4147727272727273	0.1500513874614594
0.41418439716312055	0.1500513874614594
0.415014164305949	0.15056526207605345
0.4144271570014144	0.15056526207605345
0.4138418079096045	0.15056526207605345
0.4132581100141044	0.15056526207605345
0.4126760563380282	0.15056526207605345
0.4120956399437412	0.15056526207605345
0.41292134831460675	0.1510791366906475
0.41374474053295934	0.15159301130524153
0.41316526610644255	0.15159301130524153
0.4125874125874126	0.15159301130524153
0.41201117318435754	0.15159301130524153
0.41143654114365413	0.15159301130524153
0.41086350974930363	0.15159301130524153
0.4102920723226704	0.15159301130524153
0.4097222222222222	0.15159301130524153
0.4091539528432732	0.15159301130524153
0.4085872576177285	0.15159301130524153
0.4094052558782849	0.15210688591983557
0.4088397790055249	0.15210688591983557
0.4096551724137931	0.1526207605344296
0.4090909090909091	0.1526207605344296
0.40852819807427787	0.1526207605344296
0.40796703296703296	0.1526207605344296
0.4074074074074074	0.1526207605344296
0.40684931506849314	0.1526207605344296
0.4062927496580027	0.1526207605344296
0.4057377049180328	0.1526207605344296
0.40654843110504774	0.15313463514902365
0.40599455040871935	0.15313463514902365
0.4054421768707483	0.15313463514902365
0.4048913043478261	0.15313463514902365
0.4043419267299864	0.15313463514902365
0.4037940379403794	0.15313463514902365
0.40324763193504737	0.15313463514902365
0.4027027027027027	0.15313463514902365
0.40215924426450744	0.15313463514902365
0.4029649595687331	0.15364850976361769
0.40242261103633914	0.15364850976361769
0.4018817204301075	0.15364850976361769
0.40268456375838924	0.15416238437821173
0.40214477211796246	0.15416238437821173
0.40160642570281124	0.15416238437821173
0.40106951871657753	0.15416238437821173
0.40053404539385845	0.15416238437821173
0.4013333333333333	0.15467625899280577
0.4007989347536618	0.15467625899280577
0.4002659574468085	0.15467625899280577
0.399734395750332	0.15467625899280577
0.39920424403183025	0.15467625899280577
0.39867549668874175	0.15467625899280577
0.39814814814814814	0.15467625899280577
0.39762219286657857	0.15467625899280577
0.3970976253298153	0.15467625899280577
0.39789196310935443	0.1551901336073998
0.3973684210526316	0.1551901336073998
0.3968462549277267	0.1551901336073998
0.39763779527559057	0.15570400822199384
0.3984272608125819	0.15621788283658788
0.39790575916230364	0.15621788283658788
0.39738562091503266	0.15621788283658788
0.3968668407310705	0.15621788283658788
0.3963494132985658	0.15621788283658788
0.3958333333333333	0.15621788283658788
0.3953185955786736	0.15621788283658788
0.3948051948051948	0.15621788283658788
0.3942931258106355	0.15621788283658788
0.3950777202072539	0.15673175745118192
0.3945666235446313	0.15673175745118192
0.39405684754521964	0.15673175745118192
0.39483870967741935	0.15724563206577596
0.3943298969072165	0.15724563206577596
0.3938223938223938	0.15724563206577596
0.39331619537275064	0.15724563206577596
0.392811296534018	0.15724563206577596
0.3923076923076923	0.15724563206577596
0.39180537772087065	0.15724563206577596
0.391304347826087	0.15724563206577596
0.39208173690932313	0.15775950668036998
0.39158163265306123	0.15775950668036998
0.3910828025477707	0.15775950668036998
0.39185750636132316	0.15827338129496402
0.3926302414231258	0.15878725590955806
0.39213197969543145	0.15878725590955806
0.3929024081115336	0.1593011305241521
0.3924050632911392	0.1593011305241521
0.3919089759797724	0.1593011305241521
0.39141414141414144	0.1593011305241521
0.39092055485498106	0.1593011305241521
0.3904282115869018	0.1593011305241521
0.389937106918239	0.1593011305241521
0.38944723618090454	0.1593011305241521
0.3889585947302384	0.1593011305241521
0.38972431077694236	0.15981500513874614
0.38923654568210264	0.15981500513874614
0.39	0.16032887975334018
0.3895131086142322	0.16032887975334018
0.39027431421446385	0.16084275436793422
0.39103362391033625	0.16135662898252826
0.3917910447761194	0.1618705035971223
0.391304347826087	0.1618705035971223
0.39081885856079407	0.1618705035971223
0.3903345724907063	0.1618705035971223
0.3910891089108911	0.16238437821171633
0.39060568603213847	0.16238437821171633
0.39012345679012345	0.16238437821171633
0.38964241676942046	0.16238437821171633
0.3891625615763547	0.16238437821171633
0.3886838868388684	0.16238437821171633
0.3894348894348894	0.16289825282631037
0.3889570552147239	0.16289825282631037
0.38848039215686275	0.16289825282631037
0.3880048959608323	0.16289825282631037
0.38753056234718825	0.16289825282631037
0.3882783882783883	0.16341212744090441
0.3878048780487805	0.16341212744090441
0.3873325213154689	0.16341212744090441
0.38686131386861317	0.16341212744090441
0.3863912515188335	0.16341212744090441
0.3871359223300971	0.16392600205549845
0.38666666666666666	0.16392600205549845
0.387409200968523	0.1644398766700925
0.38694074969770254	0.1644398766700925
0.3864734299516908	0.1644398766700925
0.38600723763570566	0.1644398766700925
0.3855421686746988	0.1644398766700925
0.3850782190132371	0.1644398766700925
0.38461538461538464	0.1644398766700925
0.38535414165666265	0.16495375128468653
0.38489208633093525	0.16495375128468653
0.3844311377245509	0.16495375128468653
0.3839712918660287	0.16495375128468653
0.3835125448028674	0.16495375128468653
0.383054892601432	0.16495375128468653
0.3837902264600715	0.16546762589928057
0.38333333333333336	0.16546762589928057
0.38287752675386444	0.16546762589928057
0.3824228028503563	0.16546762589928057
0.3819691577698695	0.16546762589928057
0.3815165876777251	0.16546762589928057
0.3810650887573965	0.16546762589928057
0.3817966903073286	0.1659815005138746
0.38134592680047225	0.1659815005138746
0.38089622641509435	0.1659815005138746
0.38044758539458184	0.1659815005138746
0.38	0.1659815005138746
0.3795534665099882	0.1659815005138746
0.37910798122065725	0.1659815005138746
0.3786635404454865	0.1659815005138746
0.37822014051522246	0.1659815005138746
0.37777777777777777	0.1659815005138746
0.37850467289719625	0.16649537512846865
0.3780630105017503	0.16649537512846865
0.3787878787878788	0.1670092497430627
0.37834691501746215	0.1670092497430627
0.37790697674418605	0.1670092497430627
0.37746806039488967	0.1670092497430627
0.37703016241299303	0.1670092497430627
0.3765932792584009	0.1670092497430627
0.3761574074074074	0.1670092497430627
0.37572254335260113	0.1670092497430627
0.37528868360277134	0.1670092497430627
0.3748558246828143	0.1670092497430627
0.37442396313364057	0.1670092497430627
0.3739930955120829	0.1670092497430627
0.3735632183908046	0.1670092497430627
0.373134328358209	0.1670092497430627
0.37270642201834864	0.1670092497430627
0.3734249713631157	0.16752312435765673
0.37299771167048057	0.16752312435765673
0.37257142857142855	0.16752312435765673
0.3721461187214612	0.16752312435765673
0.3717217787913341	0.16752312435765673
0.3724373576309795	0.16803699897225077
0.3720136518771331	0.16803699897225077
0.3715909090909091	0.16803699897225077
0.3711691259931896	0.16803699897225077
0.37188208616780044	0.1685508735868448
0.3725934314835787	0.16906474820143885
0.3721719457013575	0.16906474820143885
0.37175141242937854	0.16906474820143885
0.37133182844243795	0.16906474820143885
0.370913190529876	0.16906474820143885
0.3716216216216216	0.1695786228160329
0.3712035995500562	0.1695786228160329
0.3707865168539326	0.1695786228160329
0.37037037037037035	0.1695786228160329
0.36995515695067266	0.1695786228160329
0.3706606942889138	0.17009249743062693
0.37024608501118567	0.17009249743062693
0.36983240223463687	0.17009249743062693
0.36941964285714285	0.17009249743062693
0.3701226309921962	0.17060637204522097
0.36971046770601335	0.17060637204522097
0.3704115684093437	0.171120246659815
0.37	0.171120246659815
0.36958934517203107	0.171120246659815
0.369179600886918	0.171120246659815
0.3687707641196013	0.171120246659815
0.3694690265486726	0.17163412127440905
0.3701657458563536	0.1721479958890031
0.369757174392936	0.1721479958890031
0.37045203969129	0.17266187050359713
0.3700440528634361	0.17266187050359713
0.37073707370737075	0.17317574511819117
0.37142857142857144	0.1736896197327852
0.3721185510428101	0.17420349434737925
0.3717105263157895	0.17420349434737925
0.37130339539978097	0.17420349434737925
0.37089715536105033	0.17420349434737925
0.37158469945355194	0.1747173689619733
0.37117903930131	0.1747173689619733
0.3707742639040349	0.1747173689619733
0.37037037037037035	0.1747173689619733
0.36996735582154516	0.1747173689619733
0.3695652173913043	0.1747173689619733
0.3691639522258415	0.1747173689619733
0.368763557483731	0.1747173689619733
0.3694474539544962	0.17523124357656733
0.36904761904761907	0.17523124357656733
0.36864864864864866	0.17523124357656733
0.3693304535637149	0.17574511819116137
0.36893203883495146	0.17574511819116137
0.36961206896551724	0.17625899280575538
0.36921420882669537	0.17625899280575538
0.3688172043010753	0.17625899280575538
0.3684210526315789	0.17625899280575538
0.36802575107296137	0.17625899280575538
0.3687031082529475	0.17677286742034942
0.3683083511777302	0.17677286742034942
0.3679144385026738	0.17677286742034942
0.36752136752136755	0.17677286742034942
0.3671291355389541	0.17677286742034942
