1.0	0.011111111111111112
1.0	0.022222222222222223
1.0	0.03333333333333333
1.0	0.044444444444444446
1.0	0.05555555555555555
1.0	0.06666666666666667
1.0	0.07777777777777778
1.0	0.08888888888888889
1.0	0.1
1.0	0.1111111111111111
1.0	0.12222222222222222
1.0	0.13333333333333333
1.0	0.14444444444444443
1.0	0.15555555555555556
1.0	0.16666666666666666
1.0	0.17777777777777778
1.0	0.18888888888888888
1.0	0.2
1.0	0.2111111111111111
1.0	0.2222222222222222
1.0	0.23333333333333334
0.9545454545454546	0.23333333333333334
0.9565217391304348	0.24444444444444444
0.9583333333333334	0.25555555555555554
