1.0	0.002277904328018223
1.0	0.004555808656036446
1.0	0.00683371298405467
1.0	0.009111617312072893
1.0	0.011389521640091117
1.0	0.01366742596810934
1.0	0.015945330296127564
1.0	0.018223234624145785
1.0	0.02050113895216401
1.0	0.022779043280182234
1.0	0.025056947608200455
1.0	0.02733485193621868
1.0	0.029612756264236904
0.9285714285714286	0.029612756264236904
0.9333333333333333	0.03189066059225513
0.9375	0.03416856492027335
0.9411764705882353	0.03644646924829157
0.9444444444444444	0.0387243735763098
0.9473684210526315	0.04100227790432802
0.95	0.04328018223234624
0.9523809523809523	0.04555808656036447
0.9545454545454546	0.04783599088838269
0.9565217391304348	0.05011389521640091
0.9166666666666666	0.05011389521640091
0.92	0.05239179954441914
0.9230769230769231	0.05466970387243736
0.9259259259259259	0.05694760820045558
0.9285714285714286	0.05922551252847381
0.9310344827586207	0.06150341685649203
0.9333333333333333	0.06378132118451026
0.9354838709677419	0.06605922551252848
0.9375	0.0683371298405467
0.9393939393939394	0.07061503416856492
0.9411764705882353	0.07289293849658314
0.9428571428571428	0.07517084282460136
0.9166666666666666	0.07517084282460136
0.8918918918918919	0.07517084282460136
0.868421052631579	0.07517084282460136
0.8461538461538461	0.07517084282460136
0.825	0.07517084282460136
0.8048780487804879	0.07517084282460136
0.7857142857142857	0.07517084282460136
0.7906976744186046	0.0774487471526196
0.7727272727272727	0.0774487471526196
0.7777777777777778	0.07972665148063782
0.782608695652174	0.08200455580865604
0.7872340425531915	0.08428246013667426
0.7916666666666666	0.08656036446469248
0.7959183673469388	0.0888382687927107
0.78	0.0888382687927107
0.7843137254901961	0.09111617312072894
0.7884615384615384	0.09339407744874716
0.7735849056603774	0.09339407744874716
0.7777777777777778	0.09567198177676538
0.7636363636363637	0.09567198177676538
0.7678571428571429	0.0979498861047836
0.7719298245614035	0.10022779043280182
0.7758620689655172	0.10250569476082004
0.7796610169491526	0.10478359908883828
0.7666666666666667	0.10478359908883828
0.7540983606557377	0.10478359908883828
0.7580645161290323	0.1070615034168565
0.7619047619047619	0.10933940774487472
0.765625	0.11161731207289294
0.7538461538461538	0.11161731207289294
0.7424242424242424	0.11161731207289294
0.746268656716418	0.11389521640091116
0.75	0.11617312072892938
0.7536231884057971	0.11845102505694761
0.7571428571428571	0.12072892938496584
0.7605633802816901	0.12300683371298406
0.7638888888888888	0.1252847380410023
0.7671232876712328	0.1275626423690205
0.7702702702702703	0.12984054669703873
0.7733333333333333	0.13211845102505695
0.7763157894736842	0.13439635535307518
0.7792207792207793	0.1366742596810934
0.782051282051282	0.13895216400911162
0.7848101265822784	0.14123006833712984
0.7875	0.14350797266514806
0.7777777777777778	0.14350797266514806
0.7804878048780488	0.14578587699316628
0.7831325301204819	0.1480637813211845
0.7738095238095238	0.1480637813211845
0.7647058823529411	0.1480637813211845
0.7674418604651163	0.15034168564920272
0.7701149425287356	0.15261958997722094
0.7727272727272727	0.1548974943052392
0.7640449438202247	0.1548974943052392
0.7666666666666667	0.1571753986332574
0.7692307692307693	0.15945330296127563
0.7717391304347826	0.16173120728929385
0.7741935483870968	0.16400911161731208
0.7659574468085106	0.16400911161731208
0.7684210526315789	0.1662870159453303
0.7708333333333334	0.16856492027334852
0.7731958762886598	0.17084282460136674
0.7755102040816326	0.17312072892938496
0.7777777777777778	0.17539863325740318
0.78	0.1776765375854214
0.7821782178217822	0.17995444191343962
0.7843137254901961	0.18223234624145787
0.7864077669902912	0.1845102505694761
0.7884615384615384	0.1867881548974943
0.7904761904761904	0.18906605922551253
0.7924528301886793	0.19134396355353075
0.794392523364486	0.19362186788154898
0.7962962962962963	0.1958997722095672
0.7981651376146789	0.19817767653758542
0.8	0.20045558086560364
0.8018018018018018	0.20273348519362186
0.8035714285714286	0.20501138952164008
0.8053097345132744	0.2072892938496583
0.8070175438596491	0.20956719817767655
0.808695652173913	0.21184510250569477
0.8103448275862069	0.214123006833713
0.811965811965812	0.2164009111617312
0.8135593220338984	0.21867881548974943
0.8151260504201681	0.22095671981776766
0.8166666666666667	0.22323462414578588
0.8181818181818182	0.2255125284738041
0.819672131147541	0.22779043280182232
0.8130081300813008	0.22779043280182232
0.8145161290322581	0.23006833712984054
0.816	0.23234624145785876
0.8174603174603174	0.23462414578587698
0.8188976377952756	0.23690205011389523
0.8203125	0.23917995444191345
0.8217054263565892	0.24145785876993167
0.8153846153846154	0.24145785876993167
